-,-,-
504.882812, -806.396484, 106.445312
392.089844, -890.380859, 243.164062
361.816406, -748.779297, 71.289062
365.722656, -585.693359, -218.505859
273.925781, -410.888672, 270.507812
333.984375, -192.138672, 492.187500
332.031250, -358.642578, 1423.828125
147.949219, -350.341797, 1808.593750
141.113281, -525.146484, 1999.755859
-,-,-
412.109375, -786.865234, -180.419922
363.281250, -802.490234, 83.007812
487.304688, -851.806641, 168.945312
282.226562, -588.623047, -485.595703
675.292969, -587.646484, 783.691406
240.722656, -467.529297, 437.988281
559.082031, -63.720703, 586.425781
184.082031, -702.880859, 1999.755859
193.359375, -385.498047, 1088.378906
-,-,-
487.792969, -858.642578, -75.439453
482.910156, -803.466797, 50.781250
463.378906, -785.888672, -250.732422
324.218750, -739.013672, 95.214844
40.039062, -511.474609, -531.005859
543.945312, -723.388672, 603.027344
111.816406, -270.263672, -189.208984
673.339844, -767.333984, 1780.273438
243.164062, -212.646484, 480.957031
-145.751953, -291.748047, 1667.480469
-,-,-
441.894531, -795.166016, 401.367188
322.265625, -735.595703, 166.503906
114.746094, -433.837891, -234.619141
156.250000, -610.595703, 872.558594
70.800781, -230.224609, -301.513672
474.609375, -410.888672, 1852.539062
71.289062, -134.521484, 1160.644531
139.160156, -229.248047, 1666.503906
-,-,-
516.113281, -849.365234, 106.445312
524.414062, -867.919922, -66.650391
226.074219, -731.689453, -114.013672
785.644531, -897.705078, 659.179688
262.695312, -591.064453, -368.896484
88.378906, 83.984375, 192.871094
176.269531, -430.419922, 1239.257812
-243.408203, 255.371094, 460.449219
380.859375, -704.833984, 1999.755859
-,-,-
384.765625, -787.841797, -59.814453
243.164062, -629.638672, -128.173828
356.445312, -666.748047, 384.277344
-105.712891, -330.322266, -74.462891
198.730469, -414.306641, 1465.820312
29.296875, -87.646484, 352.050781
12.695312, -277.587891, 1999.755859
-,-,-
618.164062, -840.576172, -92.529297
519.042969, -776.611328, 19.531250
240.722656, -625.732422, -136.474609
245.117188, -388.427734, 121.093750
67.382812, -375.244141, 978.515625
69.335938, -96.923828, 359.863281
300.781250, -389.404297, 1714.843750
-,-,-
495.117188, -739.013672, -495.849609
520.507812, -794.189453, 546.386719
518.066406, -679.931641, -224.853516
552.246094, -704.833984, 783.203125
100.585938, -397.705078, -231.689453
312.500000, -153.076172, 1045.898438
-26.611328, -183.837891, 1094.238281
-128.662109, 6.835938, 1303.710938
-,-,-
401.855469, -740.966797, -359.619141
463.378906, -795.654297, 283.691406
413.085938, -661.376953, 33.691406
404.296875, -651.123047, 675.292969
141.601562, -500.732422, -49.560547
73.242188, -343.994141, 1350.097656
-24.658203, -184.326172, 590.332031
-223.388672, -63.720703, 1762.695312
-81.787109, -215.576172, 1719.726562
-,-,-
270.507812, -401.123047, 395.507812
21.484375, -513.916016, 1349.121094
-3.662109, -339.111328, 1126.464844
-135.009766, -279.541016, 1363.281250
-142.333984, -268.310547, 1601.562500
-68.603516, -364.013672, 1701.660156
-,-,-
540.039062, -873.291016, 111.328125
530.273438, -806.396484, -232.666016
447.265625, -779.052734, -185.302734
633.789062, -677.001953, -277.099609
357.421875, -513.427734, -239.013672
150.390625, -55.908203, 234.375000
202.636719, -502.685547, 1241.210938
11.718750, -170.654297, 911.132812
98.632812, -622.802734, 1999.755859
-189.697266, -252.685547, 1437.500000
-,-,-
799.316406, -894.287109, 222.656250
522.460938, -793.212891, -240.478516
555.175781, -796.630859, 132.812500
300.781250, -528.076172, -530.029297
850.585938, -472.412109, 594.726562
147.949219, -411.865234, 742.675781
-15.869141, -90.576172, 766.113281
175.781250, -676.025391, 1999.755859
-,-,-
596.679688, -836.669922, -90.087891
461.914062, -782.958984, -422.119141
514.648438, -783.935547, 387.207031
312.500000, -650.146484, -171.142578
252.929688, -662.841797, 407.226562
115.234375, -197.509766, -728.271484
144.531250, -501.220703, 1311.523438
-146.728516, 13.183594, 299.804688
98.632812, -632.080078, 1999.755859
-,-,-
601.074219, -746.826172, -442.138672
478.515625, -647.216797, 255.371094
175.292969, -510.498047, -95.947266
152.832031, 98.144531, 268.554688
-208.740234, -302.001953, 1187.988281
18.066406, -172.607422, 1071.289062
90.820312, -514.404297, 1888.671875
-,-,-
558.593750, -864.013672, 180.664062
462.402344, -696.533203, -601.318359
478.515625, -848.388672, 1079.101562
15.136719, -242.431641, -517.822266
749.511719, 142.089844, 1431.640625
222.656250, -264.892578, 878.417969
169.921875, -402.587891, 1999.755859
-,-,-
450.683594, -845.458984, -308.349609
374.023438, -815.185547, -126.708984
312.988281, -812.255859, 175.781250
-64.208984, -355.712891, -534.912109
420.898438, -675.048828, 906.250000
257.324219, -375.244141, 80.078125
301.269531, -325.927734, 790.039062
169.921875, -746.826172, 1798.339844
239.746094, -397.705078, 819.335938
-,-,-
641.601562, -883.544922, -100.830078
711.914062, -902.099609, -132.080078
31.250000, -671.630859, -256.103516
312.988281, -527.099609, 313.964844
568.847656, -657.470703, 116.210938
226.074219, -530.029297, 482.910156
518.066406, -297.119141, 574.707031
202.148438, -428.466797, 1246.093750
430.664062, -361.572266, 911.132812
344.238281, -542.724609, 1867.675781
337.402344, -422.607422, 1384.277344
-,-,-
403.320312, -788.330078, -334.716797
554.199219, -721.435547, 26.855469
451.660156, -754.150391, 81.054688
106.445312, -548.583984, -286.865234
483.398438, -600.341797, 873.535156
-111.572266, -47.119141, 26.855469
410.644531, -468.505859, 1952.148438
101.074219, -128.662109, 915.039062
132.812500, -269.287109, 1606.933594
-,-,-
466.796875, -858.154297, 654.296875
128.417969, -456.298828, -470.458984
446.777344, -172.607422, 687.011719
160.156250, 133.300781, 688.476562
148.925781, -230.712891, 1869.628906
186.523438, -571.044922, 1882.812500
-34.912109, -313.720703, 1686.523438
-,-,-
519.531250, -670.654297, -40.771484
343.261719, -547.607422, -380.615234
386.718750, -478.271484, 813.476562
262.695312, -242.431641, 93.261719
109.863281, 48.828125, 989.746094
280.273438, -219.970703, 1565.429688
168.457031, -129.638672, 1627.929688
-,-,-
-83.740234, -316.650391, -182.373047
205.078125, -554.931641, 570.800781
11.718750, -295.654297, 687.500000
236.328125, -306.396484, 1049.804688
-16.845703, -18.798828, 1219.238281
314.453125, -504.638672, 1999.755859
-,-,-
712.890625, -855.712891, 5.371094
360.839844, -744.873047, -366.455078
173.828125, -433.837891, -756.591797
299.316406, 175.292969, -306.396484
980.957031, 97.167969, 1731.933594
264.160156, -539.306641, 1878.417969
760.742188, -439.697266, 1355.468750
-,-,-
653.320312, -927.490234, 96.191406
166.503906, -642.333984, -368.896484
430.175781, -188.232422, 118.652344
-192.626953, -53.955078, 437.500000
-18.798828, 121.582031, 961.425781
318.847656, -537.353516, 1999.755859
-,-,-
535.644531, -735.107422, -330.322266
364.257812, -713.134766, -441.162109
310.546875, -518.798828, -316.650391
170.410156, -55.419922, -163.330078
349.609375, -477.294922, 1198.242188
517.578125, -509.521484, 1059.082031
548.828125, -486.083984, 1359.375000
-,-,-
132.812500, -502.685547, 304.687500
40.527344, -588.623047, 866.210938
-192.138672, -277.099609, 311.035156
310.058594, -218.994141, 900.878906
71.289062, -213.623047, 1540.527344
47.851562, -202.392578, 1670.410156
137.207031, -339.111328, 1980.468750
-,-,-
585.449219, -835.693359, 173.828125
320.800781, -697.509766, -352.294922
463.867188, -733.642578, 359.863281
288.085938, -607.177734, -173.583984
237.304688, -266.357422, 229.003906
-43.212891, 43.945312, 419.433594
-85.693359, 105.957031, 1541.015625
-,-,-
347.167969, -552.978516, -62.744141
69.824219, -358.642578, 640.136719
62.500000, -456.298828, 777.832031
141.601562, -313.720703, 772.949219
-167.724609, -125.732422, 1113.281250
217.285156, -128.662109, 1195.312500
-38.330078, -97.900391, 1489.257812
-,-,-
427.734375, -781.982422, -174.560547
469.726562, -780.029297, -26.123047
340.820312, -688.232422, 15.625000
526.855469, -662.841797, 445.800781
141.601562, -418.212891, 235.351562
180.175781, -288.818359, 683.105469
119.140625, -376.220703, 1194.335938
-38.818359, -155.029297, 1208.984375
127.441406, -353.271484, 1817.382812
-,-,-
381.347656, -765.380859, -93.017578
291.015625, -528.076172, 6.347656
335.937500, -655.029297, 684.570312
205.078125, -471.435547, 456.542969
262.695312, -385.498047, 885.742188
184.570312, -381.591797, 1043.945312
187.500000, -336.669922, 1250.976562
-,-,-
505.859375, -860.107422, -258.056641
420.898438, -811.279297, -180.419922
410.156250, -752.685547, -591.552734
394.531250, -766.357422, 91.308594
237.304688, -607.177734, -119.873047
126.464844, -248.779297, 232.910156
95.703125, -395.263672, 1249.023438
-66.650391, -156.982422, 588.867188
176.757812, -427.490234, 1958.007812
9.277344, -286.865234, 1565.429688
-,-,-
296.875000, -810.302734, -283.935547
458.496094, -882.568359, -247.802734
460.937500, -841.552734, -25.146484
209.472656, -610.595703, 49.804688
37.109375, -487.060547, 722.656250
-50.537109, -382.568359, 535.156250
369.628906, -539.794922, 1304.687500
178.710938, -586.669922, 1384.277344
-,-,-
427.734375, -864.013672, -456.298828
528.808594, -808.349609, -511.962891
404.785156, -702.880859, -156.494141
185.546875, -573.486328, 59.082031
30.273438, -188.232422, 133.789062
144.531250, -303.466797, 1122.558594
145.996094, -282.958984, 1293.457031
130.859375, -428.466797, 1717.285156
-,-,-
583.007812, -812.255859, -351.318359
261.718750, -748.779297, -436.279297
532.226562, -842.529297, 109.375000
293.945312, -668.701172, -314.208984
676.269531, -791.748047, 1239.257812
83.007812, -361.083984, -102.783203
473.144531, -311.279297, 1483.886719
209.472656, -529.052734, 1543.457031
-,-,-
421.875000, -764.404297, -129.150391
183.105469, -545.654297, -221.923828
541.503906, -746.826172, 556.640625
143.554688, -302.978516, -597.412109
525.878906, -412.841797, 1477.050781
133.789062, -179.931641, 456.542969
269.042969, -177.978516, 1827.636719
333.007812, -549.560547, 1999.755859
36.132812, -204.345703, 1483.398438
-,-,-
306.640625, -823.974609, -216.552734
583.984375, -859.130859, -271.240234
390.625000, -816.162109, -95.458984
101.074219, -548.583984, -736.083984
576.171875, -286.865234, 528.320312
-30.029297, -404.052734, 886.718750
-165.283203, -127.685547, 577.636719
368.652344, -683.349609, 1999.755859
104.980469, -375.244141, 1250.000000
-,-,-
446.289062, -828.857422, -250.732422
557.617188, -810.791016, -500.732422
398.925781, -811.279297, -89.599609
283.203125, -643.310547, -475.341797
471.191406, -672.119141, 276.367188
-30.029297, -445.068359, 124.511719
274.902344, -304.443359, 582.519531
118.164062, -382.568359, 1336.914062
166.992188, -224.365234, 965.332031
346.191406, -510.498047, 1999.755859
-,-,-
617.187500, -809.326172, -168.701172
454.589844, -800.537109, -387.939453
541.992188, -796.142578, -258.056641
349.609375, -618.896484, -608.154297
448.730469, -576.416016, 255.371094
-23.193359, -258.056641, 189.941406
349.609375, -171.630859, 969.726562
196.289062, -360.107422, 1312.500000
99.609375, -288.818359, 1583.496094
-,-,-
477.539062, -833.251953, -293.701172
487.304688, -771.728516, -357.177734
442.382812, -795.654297, -252.685547
445.312500, -739.990234, -287.353516
320.800781, -657.470703, -257.080078
260.253906, -495.361328, -143.310547
281.250000, -478.759766, 465.820312
38.085938, -218.994141, 263.671875
514.648438, -395.751953, 1668.457031
197.753906, -295.166016, 1186.035156
-,-,-
576.660156, -805.419922, -392.822266
275.878906, -725.341797, -626.708984
452.148438, -786.865234, -170.654297
373.046875, -694.580078, -280.029297
66.406250, -358.642578, -292.236328
46.875000, -441.650391, 533.203125
51.269531, -246.826172, 351.074219
116.210938, -377.685547, 1431.640625
331.054688, -367.919922, 1268.554688
-,-,-
625.000000, -825.927734, -156.005859
526.367188, -737.060547, -487.548828
-10.498047, -573.486328, -37.841797
118.652344, -546.630859, 479.980469
-80.810547, -297.607422, 288.574219
321.777344, -350.341797, 1258.300781
-63.720703, -317.626953, 1135.742188
28.320312, -193.603516, 1465.820312
-,-,-
526.367188, -764.404297, -576.416016
437.500000, -826.904297, -130.126953
413.085938, -752.197266, -336.669922
393.066406, -643.310547, -17.333984
-16.357422, -392.333984, 145.507812
403.320312, -306.396484, 794.921875
54.687500, -307.373047, 1026.855469
-114.013672, -91.552734, 1127.441406
171.386719, -317.626953, 1877.929688
-,-,-
443.847656, -816.162109, -366.943359
568.359375, -849.365234, -156.494141
584.472656, -883.544922, -235.107422
452.636719, -802.490234, -316.650391
221.679688, -579.833984, -335.693359
83.007812, -463.623047, 277.343750
-81.787109, -310.302734, 472.167969
-45.654297, -424.560547, 1059.570312
-161.865234, -376.708984, 1267.578125
-,-,-
535.644531, -760.498047, -458.740234
625.976562, -781.982422, -443.115234
388.183594, -747.802734, -84.716797
180.175781, -468.505859, -47.607422
160.156250, -276.123047, 242.187500
-188.720703, -96.435547, 607.910156
-195.068359, -107.177734, 1036.132812
-146.728516, -323.974609, 1920.410156
-,-,-
640.136719, -848.388672, -554.443359
597.167969, -798.095703, -227.783203
718.750000, -794.189453, -517.822266
441.894531, -724.365234, -58.349609
297.851562, -625.732422, -91.552734
-14.892578, -344.482422, 327.636719
231.933594, -397.705078, 780.273438
-45.166016, -258.056641, 885.742188
97.656250, -388.427734, 1579.589844
38.574219, -399.169922, 1446.777344
-,-,-
543.457031, -814.697266, -280.029297
488.281250, -769.775391, -473.388672
626.953125, -770.751953, -469.482422
427.734375, -689.208984, -289.306641
341.796875, -614.501953, -41.748047
-107.666016, -202.392578, 8.789062
176.757812, -414.306641, 1339.843750
-75.927734, -268.310547, 691.406250
-31.982422, -285.888672, 1500.976562
-,-,-
533.691406, -757.568359, -245.849609
423.339844, -652.587891, -630.615234
584.472656, -761.962891, 225.097656
310.058594, -539.306641, -610.595703
654.296875, -620.361328, 985.351562
249.511719, -554.931641, 262.207031
23.925781, -149.169922, 533.203125
246.582031, -505.615234, 1480.957031
-,-,-
463.378906, -837.646484, -164.306641
599.121094, -876.708984, -74.951172
498.046875, -803.466797, -74.951172
499.511719, -746.826172, -289.306641
93.261719, -441.162109, -39.794922
99.121094, -37.353516, -93.505859
273.437500, -68.115234, 1610.839844
-143.798828, -357.666016, 1711.425781
-56.396484, -226.318359, 1557.617188
-,-,-
474.609375, -758.544922, -509.521484
420.898438, -708.251953, -573.974609
163.574219, -672.607422, -258.056641
67.871094, -471.923828, -80.810547
191.894531, -258.056641, 900.878906
-171.142578, -110.107422, 736.328125
416.992188, -339.111328, 1944.824219
6.347656, -438.720703, 1691.406250
-,-,-
436.523438, -747.802734, -716.064453
650.390625, -784.912109, -503.662109
411.132812, -804.443359, -378.662109
305.175781, -651.123047, -551.025391
480.957031, -535.400391, 174.804688
-76.904297, -339.111328, 166.992188
-101.806641, -136.962891, 895.996094
143.554688, -504.638672, 1936.035156
-,-,-
320.800781, -911.376953, 5.371094
189.941406, -813.232422, -385.009766
375.976562, -788.818359, 164.062500
339.355469, -562.255859, -338.623047
16.601562, -62.744141, 254.394531
249.511719, -450.927734, 1615.234375
316.406250, -634.521484, 1690.429688
-,-,-
424.316406, -848.388672, -354.736328
537.109375, -850.830078, -172.607422
229.492188, -721.435547, 55.664062
27.832031, -462.158203, -274.169922
145.996094, 21.972656, -200.927734
161.132812, -161.376953, 1999.755859
40.527344, -203.857422, 882.812500
190.917969, -366.943359, 1875.976562
99.609375, -405.029297, 1939.453125
-,-,-
258.789062, -750.732422, -749.755859
371.582031, -755.615234, -501.708984
308.593750, -761.474609, -328.369141
-79.833984, -160.400391, -739.990234
537.109375, -485.107422, 1993.652344
-30.029297, -91.552734, 346.679688
169.433594, -40.283203, 1498.046875
227.050781, -616.943359, 1999.755859
-,-,-
395.996094, -762.451172, -553.466797
534.667969, -807.373047, -510.009766
401.367188, -744.873047, -590.087891
294.921875, -456.298828, -879.638672
309.082031, -516.845703, 188.964844
-122.802734, -228.271484, 388.671875
187.500000, -252.197266, 1201.660156
-35.888672, -343.505859, 1410.156250
-,-,-
556.640625, -874.267578, -510.498047
493.652344, -801.513672, -385.986328
465.332031, -763.427734, -690.185547
254.882812, -787.841797, -60.302734
111.328125, -645.263672, -16.357422
26.855469, -431.884766, 176.757812
16.113281, -535.400391, 677.246094
-76.904297, -308.349609, 378.906250
255.859375, -463.134766, 1818.359375
129.394531, -461.669922, 1331.054688
-,-,-
444.335938, -814.697266, -558.349609
561.523438, -802.490234, -106.201172
498.535156, -768.310547, -499.755859
179.199219, -675.048828, -297.607422
295.410156, -618.896484, -93.505859
165.527344, -489.990234, 206.054688
120.117188, -420.166016, 640.136719
33.691406, -252.685547, 779.785156
89.843750, -312.255859, 1361.328125
109.375000, -301.025391, 1389.648438
-20.263672, -287.841797, 1645.507812
-,-,-
456.054688, -810.302734, -452.392578
397.949219, -875.732422, -185.302734
427.734375, -904.052734, -211.669922
405.761719, -787.841797, -317.138672
241.699219, -833.251953, 132.812500
-35.400391, -500.244141, -214.599609
205.566406, -455.322266, 580.566406
-70.556641, -452.880859, 1065.429688
-93.994141, -211.669922, 703.613281
197.753906, -506.591797, 1856.445312
-,-,-
429.199219, -762.451172, -497.802734
633.300781, -836.669922, -543.212891
398.925781, -773.681641, -125.732422
375.976562, -691.162109, -364.990234
572.265625, -756.103516, 301.757812
102.050781, -573.486328, 10.742188
234.863281, -406.005859, 683.105469
99.609375, -513.427734, 955.078125
-53.466797, -317.626953, 750.000000
-,-,-
431.152344, -754.150391, -67.626953
26.855469, -530.029297, -244.873047
86.425781, -646.240234, 833.496094
-200.439453, -315.185547, 130.859375
213.867188, -325.927734, 1214.355469
120.605469, -503.662109, 1533.203125
-99.365234, -397.705078, 1381.347656
-,-,-
408.691406, -726.318359, -253.173828
440.917969, -665.771484, -20.263672
286.132812, -656.494141, -81.787109
277.832031, -460.693359, 39.062500
373.535156, -334.716797, 517.578125
87.402344, -229.248047, 1207.031250
223.144531, -348.388672, 1442.871094
-,-,-
458.496094, -791.259766, -221.435547
475.585938, -752.197266, -214.599609
166.992188, -514.404297, -112.060547
111.816406, -337.158203, 195.800781
159.179688, -122.802734, 711.425781
103.027344, -282.958984, 1178.710938
142.578125, -332.763672, 1679.687500
-,-,-
557.617188, -858.154297, -524.658203
301.269531, -683.349609, -281.005859
716.308594, -750.732422, -250.732422
266.601562, -481.201172, -403.076172
136.230469, -281.494141, 320.800781
283.203125, -362.060547, 957.031250
141.601562, -326.904297, 1088.867188
-,-,-
405.761719, -697.509766, -503.662109
504.882812, -697.509766, -494.873047
407.714844, -750.732422, 130.859375
145.996094, -477.783203, -279.052734
166.992188, -57.861328, 378.417969
219.726562, -174.560547, 941.406250
39.062500, -61.767578, 1389.160156
-,-,-
586.425781, -868.896484, -479.248047
604.003906, -777.587891, -825.927734
227.050781, -859.130859, 262.695312
219.726562, -595.947266, -566.162109
116.210938, -510.498047, 367.187500
5.859375, -455.322266, 645.507812
-145.263672, -212.646484, 707.519531
-93.505859, -424.560547, 1614.257812
-,-,-
435.546875, -792.236328, -518.798828
465.332031, -782.470703, -866.455078
504.394531, -807.373047, -364.013672
244.140625, -747.802734, -163.330078
51.269531, -410.888672, -32.470703
-115.966797, -261.474609, 109.375000
-157.958984, -132.568359, 1124.511719
-181.884766, -432.373047, 1351.074219
-230.712891, -256.591797, 1257.324219
-,-,-
509.765625, -763.427734, -1017.333984
470.214844, -638.427734, -784.912109
405.761719, -670.166016, -297.119141
-221.435547, -281.005859, -0.244141
-151.123047, -163.818359, 829.589844
-294.189453, 1.464844, 757.812500
-165.771484, -130.615234, 1316.894531
44.921875, -344.482422, 1625.000000
-,-,-
410.156250, -807.373047, -695.068359
432.617188, -804.443359, -589.599609
343.750000, -768.310547, -133.544922
-205.810547, -296.142578, -259.033203
-161.376953, -302.001953, 927.734375
-234.130859, -330.810547, 939.941406
-71.533203, -490.966797, 1767.578125
-,-,-
564.941406, -818.115234, -763.427734
205.078125, -655.029297, -588.623047
187.500000, -512.939453, -633.544922
246.582031, -419.189453, 250.976562
-4.150391, -131.591797, 374.023438
-45.654297, -267.333984, 1794.433594
20.507812, -229.248047, 1298.828125
-190.673828, -91.552734, 1617.187500
-,-,-
450.195312, -751.708984, -599.365234
312.500000, -718.505859, -334.716797
121.582031, -545.654297, -134.521484
393.554688, -569.091797, 788.085938
-70.556641, -290.771484, 500.976562
255.859375, -277.587891, 1326.660156
39.062500, -321.533203, 1299.804688
-108.154297, -155.517578, 1243.164062
56.152344, -373.779297, 1760.742188
-,-,-
584.960938, -876.708984, -306.396484
505.859375, -699.462891, -618.408203
248.535156, -571.044922, -448.974609
-4.150391, -420.166016, 547.363281
68.847656, -478.271484, 674.316406
-233.642578, -132.568359, 466.796875
81.054688, -372.802734, 1956.542969
77.148438, -278.564453, 1305.664062
-,-,-
387.207031, -652.099609, -402.099609
310.546875, -508.544922, -659.912109
475.097656, -714.111328, 123.535156
302.246094, -497.314453, 208.984375
141.601562, -298.095703, 851.562500
130.859375, -273.193359, 1126.464844
41.503906, -250.732422, 1630.859375
-45.654297, -273.193359, 1469.726562
-,-,-
393.066406, -780.029297, -347.412109
469.238281, -813.720703, -302.490234
505.859375, -794.189453, -501.708984
248.535156, -666.748047, -304.443359
247.070312, -568.115234, -6.591797
-142.333984, -250.732422, 215.820312
235.839844, -511.474609, 1546.386719
-83.740234, -356.689453, 806.152344
-186.279297, -242.919922, 1307.617188
71.777344, -556.884766, 1930.175781
-,-,-
475.097656, -773.681641, -305.419922
553.222656, -817.138672, -544.677734
432.128906, -657.470703, -603.271484
255.371094, -537.353516, -17.333984
225.097656, -446.044922, 199.218750
-197.021484, -98.388672, 464.843750
-72.998047, -302.490234, 1185.058594
-109.619141, -132.568359, 1054.687500
-108.154297, -259.033203, 1854.492188
-52.001953, -211.669922, 1574.707031
-,-,-
375.000000, -769.287109, -528.076172
604.003906, -827.392578, -572.998047
377.929688, -687.255859, -481.689453
289.062500, -541.748047, -342.529297
-138.916016, 54.199219, 398.437500
-173.095703, -214.599609, 1263.671875
-48.583984, -20.751953, 750.976562
204.589844, -421.142578, 1999.755859
-,-,-
202.148438, -668.701172, -629.638672
186.035156, -545.654297, -299.560547
233.886719, -744.873047, 379.394531
-18.310547, -472.900391, 1.464844
109.375000, -447.998047, 1136.230469
83.007812, -484.130859, 855.468750
-153.564453, -156.005859, 834.960938
-,-,-
521.484375, -779.052734, -447.998047
443.359375, -777.587891, -639.404297
346.191406, -754.150391, -287.353516
-127.197266, -321.533203, -137.451172
123.046875, -347.412109, 729.492188
-155.517578, -159.423828, 731.445312
209.472656, -287.841797, 1491.699219
6.347656, -284.912109, 1629.882812
-,-,-
333.007812, -771.240234, -686.279297
560.058594, -758.544922, -443.115234
321.777344, -690.185547, -529.052734
-87.158203, -426.025391, -350.830078
211.914062, -361.083984, 608.886719
27.832031, -274.169922, 1010.742188
90.332031, -277.587891, 1344.726562
-62.744141, -269.287109, 1495.117188
-113.525391, -296.142578, 1720.703125
-,-,-
541.992188, -738.525391, -832.763672
253.906250, -687.255859, -137.451172
184.570312, -573.486328, -281.005859
100.097656, -310.302734, 291.503906
-165.283203, -300.537109, 910.156250
236.328125, -286.865234, 1026.855469
-39.794922, -403.076172, 1573.730469
-,-,-
360.839844, -805.419922, -375.732422
456.542969, -747.802734, -730.224609
401.367188, -773.193359, 20.507812
137.695312, -615.478516, 46.875000
29.296875, -405.029297, 535.644531
-26.611328, -265.380859, 586.914062
-75.927734, -168.701172, 1054.687500
54.199219, -409.423828, 1788.085938
-,-,-
355.468750, -694.091797, -968.994141
346.191406, -759.521484, -438.232422
335.937500, -741.943359, -482.177734
92.285156, -559.326172, 149.414062
-87.158203, -386.474609, 268.554688
8.300781, -228.271484, 785.644531
-147.705078, -363.037109, 1105.468750
-151.123047, -207.763672, 1209.960938
-,-,-
436.523438, -772.705078, -454.345703
467.285156, -816.650391, -382.568359
340.820312, -750.732422, -269.287109
137.207031, -517.333984, 18.554688
-137.939453, -313.720703, 243.164062
79.589844, -429.443359, 1060.058594
-93.505859, -278.564453, 858.398438
106.933594, -297.119141, 1621.093750
-,-,-
354.980469, -681.396484, -583.740234
171.386719, -589.599609, -37.353516
153.808594, -542.724609, 383.300781
-57.861328, -335.693359, 391.601562
-135.498047, -242.919922, 980.468750
-191.650391, -54.443359, 1021.484375
-9.033203, -219.970703, 1858.398438
-,-,-
555.175781, -820.556641, -410.888672
345.703125, -758.544922, -478.271484
306.640625, -858.154297, -135.986328
214.355469, -747.802734, 169.921875
43.457031, -501.220703, 197.265625
37.109375, -442.138672, 436.523438
-77.880859, -331.787109, 756.835938
95.214844, -373.779297, 961.425781
-23.193359, -267.333984, 1169.921875
105.468750, -279.541016, 1508.789062
-7.080078, -260.498047, 1613.281250
-,-,-
230.468750, -786.865234, -599.365234
486.328125, -810.302734, -733.154297
283.203125, -699.951172, -358.642578
215.332031, -615.966797, 65.429688
-52.978516, -419.189453, 188.964844
-92.529297, -241.943359, 701.660156
201.171875, -447.998047, 1202.148438
-19.287109, -291.748047, 1225.097656
-8.056641, -231.689453, 1483.886719
-,-,-
396.972656, -830.322266, -507.568359
365.722656, -793.212891, -312.255859
251.464844, -683.349609, -662.841797
242.675781, -696.044922, -130.126953
60.546875, -393.310547, -77.880859
240.722656, -438.720703, 854.492188
-126.708984, -129.638672, 615.234375
96.191406, -385.498047, 1838.867188
3.417969, -246.826172, 1497.070312
-,-,-
428.710938, -729.248047, -635.498047
304.687500, -734.619141, -413.330078
241.699219, -633.056641, -537.841797
196.289062, -471.923828, 2.441406
178.222656, -488.037109, 491.210938
-103.759766, -249.755859, 849.609375
301.269531, -392.333984, 1277.832031
167.968750, -404.052734, 1440.429688
-22.216797, -276.123047, 1453.613281
-,-,-
401.855469, -874.755859, -163.330078
379.882812, -719.482422, -409.912109
39.062500, -616.455078, 465.820312
-143.310547, -274.169922, 105.468750
227.050781, -477.783203, 1325.683594
-161.865234, -159.912109, 635.742188
-12.451172, -351.318359, 1667.968750
-175.537109, -187.255859, 1309.570312
-191.650391, -143.310547, 1429.687500
-,-,-
-19.287109, -598.388672, 149.414062
14.648438, -515.869141, 215.820312
16.113281, -527.099609, 832.031250
161.132812, -523.193359, 720.703125
344.726562, -608.154297, 1540.527344
27.832031, -452.880859, 1250.000000
81.054688, -437.255859, 1510.253906
-,-,-
231.933594, -860.107422, -393.798828
223.632812, -753.173828, -388.916016
368.164062, -797.119141, 1.464844
247.070312, -788.818359, 215.820312
-58.837891, -395.751953, -178.466797
220.703125, -602.294922, 1043.945312
246.093750, -512.939453, 727.539062
403.808594, -687.255859, 1633.789062
-,-,-
273.925781, -829.345703, -149.169922
394.531250, -792.724609, -221.923828
279.785156, -783.935547, 51.757812
277.832031, -725.341797, 109.375000
60.546875, -593.994141, 661.621094
-24.658203, -430.419922, 584.960938
87.890625, -385.009766, 1118.164062
-23.193359, -399.658203, 1315.429688
-,-,-
264.160156, -581.787109, -557.373047
376.953125, -672.119141, 427.734375
146.972656, -456.298828, 533.203125
-24.169922, -322.998047, 806.640625
132.324219, -300.537109, 1131.347656
68.359375, -229.248047, 1163.574219
138.183594, -219.970703, 1293.945312
262.695312, -348.388672, 1455.078125
-,-,-
348.632812, -811.767578, -200.439453
330.566406, -733.642578, -329.833984
126.464844, -651.123047, 705.566406
-19.287109, -510.498047, 63.964844
-36.865234, -108.154297, 374.023438
2.441406, -407.958984, 1750.000000
20.507812, -290.771484, 1177.734375
-,-,-
483.398438, -909.423828, -189.697266
252.929688, -739.990234, -456.298828
332.031250, -654.541016, -56.884766
235.839844, -598.388672, 20.507812
-66.162109, -251.708984, -88.623047
434.082031, -410.888672, 1426.757812
143.554688, -334.716797, 1115.234375
315.429688, -214.111328, 1579.589844
-,-,-
273.437500, -789.794922, -186.279297
326.660156, -810.302734, -469.482422
190.429688, -812.255859, 278.320312
41.503906, -575.927734, 5.859375
17.089844, -486.083984, 362.304688
-107.177734, -377.685547, 454.589844
-29.541016, -449.951172, 1758.789062
66.406250, -471.923828, 1258.789062
-,-,-
537.109375, -848.388672, -480.712891
189.941406, -819.091797, 206.054688
76.171875, -561.279297, -305.419922
-116.943359, -410.888672, 794.921875
-308.349609, -181.884766, 355.957031
-243.896484, -216.552734, 1366.210938
-18.798828, -280.517578, 1151.367188
-,-,-
420.898438, -707.763672, -826.904297
219.726562, -731.201172, -198.486328
-27.099609, -591.064453, 76.171875
-10.009766, -231.201172, 394.531250
-167.236328, -297.119141, 659.179688
33.691406, -56.884766, 1000.488281
15.625000, -304.443359, 1563.964844
108.398438, -236.572266, 1549.804688
-,-,-
449.707031, -814.208984, -551.513672
270.507812, -784.912109, -281.005859
230.468750, -675.537109, -240.966797
7.324219, -496.826172, 430.664062
-101.318359, -392.822266, 454.101562
-160.888672, -76.416016, 752.441406
46.875000, -302.490234, 1327.148438
-155.517578, -82.275391, 1239.257812
-,-,-
263.671875, -746.826172, -220.947266
416.503906, -820.068359, -256.103516
-68.603516, -438.232422, 304.687500
81.054688, -424.560547, 584.472656
-221.435547, -165.771484, 462.890625
166.015625, -385.498047, 1949.218750
172.363281, -335.205078, 1248.046875
-,-,-
152.343750, -925.537109, -168.212891
274.414062, -850.830078, 58.105469
303.710938, -813.232422, -320.556641
375.000000, -791.259766, 86.914062
111.816406, -429.443359, -365.966797
375.976562, -392.822266, 1999.755859
104.003906, -496.337891, 880.859375
-111.572266, -227.294922, 1519.042969
-,-,-
277.832031, -721.435547, -621.337891
310.058594, -860.107422, 422.851562
76.660156, -654.541016, -93.505859
145.996094, -413.330078, 555.175781
-248.291016, -287.841797, 734.375000
-23.193359, -230.224609, 1352.050781
-146.728516, -308.349609, 1390.625000
110.839844, -322.509766, 1848.144531
-,-,-
285.156250, -802.490234, -416.259766
329.589844, -745.849609, -200.439453
-44.189453, -596.923828, 747.070312
-40.283203, -400.634766, 48.828125
137.207031, -254.638672, 956.054688
-120.849609, -274.169922, 1062.988281
191.894531, -302.978516, 1791.015625
75.195312, -264.404297, 1520.507812
-,-,-
323.242188, -786.865234, -546.142578
399.902344, -780.029297, 458.984375
268.066406, -673.095703, -105.224609
280.273438, -410.888672, 754.882812
-27.587891, -295.166016, 544.433594
58.105469, -183.349609, 1065.917969
41.503906, -295.166016, 1681.640625
-17.822266, -121.826172, 1207.031250
-,-,-
225.097656, -556.884766, 2.441406
215.332031, -431.884766, 414.550781
-69.580078, -211.669922, 514.160156
-204.833984, -16.357422, 1199.218750
105.468750, -419.677734, 1999.755859
-87.158203, -186.279297, 1631.835938
-,-,-
510.253906, -740.966797, -549.072266
438.964844, -785.888672, -155.029297
308.593750, -528.076172, -347.412109
-23.193359, -251.708984, 354.980469
151.855469, -264.404297, 929.199219
-153.564453, -250.732422, 1509.277344
16.113281, -396.728516, 1761.718750
-,-,-
475.585938, -702.880859, -653.076172
223.144531, -705.322266, 12.695312
325.195312, -610.595703, -68.603516
-149.658203, -31.982422, -194.580078
-205.322266, -180.908203, 848.632812
-518.798828, 415.039062, 635.253906
-47.607422, -452.392578, 1999.755859
-196.044922, -59.814453, 1543.457031
-,-,-
350.097656, -809.326172, -247.802734
258.300781, -602.294922, -759.521484
225.097656, -533.447266, 716.796875
-109.619141, -251.708984, 76.171875
74.218750, -362.060547, 1730.957031
82.031250, -392.333984, 1255.371094
-129.150391, -272.216797, 1421.875000
-,-,-
426.757812, -724.365234, -251.708984
467.773438, -768.310547, 5.371094
120.117188, -509.521484, -118.896484
-182.861328, -302.490234, 559.570312
-37.841797, -168.701172, 626.953125
-117.431641, -179.443359, 1300.781250
-42.236328, -219.970703, 1333.984375
-201.904297, -148.193359, 1547.363281
-,-,-
272.460938, -635.009766, -337.646484
701.660156, -814.697266, 349.609375
477.539062, -663.818359, 247.070312
86.425781, -431.884766, 829.589844
148.437500, -367.919922, 756.835938
-72.998047, -246.826172, 1142.578125
27.832031, -352.294922, 1314.453125
-158.447266, -288.818359, 1372.070312
-,-,-
360.351562, -568.115234, -316.650391
36.132812, -555.419922, 526.367188
-302.001953, -412.841797, 920.898438
-210.693359, -418.212891, 926.757812
-301.513672, -258.544922, 867.675781
22.460938, -366.943359, 1467.773438
-169.677734, -276.611328, 1207.031250
-66.162109, -316.162109, 1083.984375
-3.662109, -390.380859, 1360.351562
-,-,-
521.972656, -853.759766, -509.521484
401.367188, -856.201172, 64.941406
479.980469, -747.802734, -306.396484
169.921875, -624.755859, -21.240234
-34.423828, -427.490234, -58.349609
240.722656, -308.349609, 767.089844
-19.775391, -314.208984, 918.945312
33.691406, -105.712891, 989.746094
195.312500, -553.466797, 1999.755859
-34.912109, -142.333984, 1252.441406
-,-,-
399.414062, -740.966797, -502.685547
375.000000, -871.337891, 666.503906
121.582031, -742.919922, 9.765625
327.148438, -618.896484, 427.734375
-127.197266, -460.205078, 543.457031
-336.669922, 50.781250, 236.816406
-185.302734, -415.283203, 1947.265625
-191.650391, -170.654297, 1104.492188
-,-,-
583.984375, -939.697266, 47.851562
460.937500, -859.130859, -209.716797
253.906250, -729.248047, 101.562500
-38.330078, -351.318359, -377.685547
226.074219, -233.154297, 1291.503906
-29.052734, -350.341797, 1286.132812
-110.595703, -248.779297, 1263.671875
-,-,-
604.003906, -734.619141, -551.025391
243.164062, -646.240234, -503.662109
288.085938, -519.775391, 534.667969
-223.876953, -224.365234, -22.216797
-250.244141, 400.390625, 622.070312
-107.177734, -593.017578, 1999.755859
-175.048828, -195.068359, 1279.785156
-,-,-
496.093750, -744.873047, -562.255859
422.363281, -767.333984, -149.169922
291.015625, -603.271484, -505.615234
375.976562, -540.283203, 355.957031
-81.787109, -328.857422, 530.273438
-185.791016, -120.849609, 1045.898438
-25.634766, -540.771484, 1790.039062
-136.474609, -367.919922, 1396.484375
-,-,-
489.257812, -699.951172, -643.310547
449.707031, -668.701172, -479.736328
185.546875, -684.326172, 223.144531
-64.208984, -207.763672, 34.667969
-114.501953, -381.103516, 809.082031
-86.181641, -272.216797, 857.421875
95.214844, -453.857422, 1671.875000
-4.638672, -461.669922, 1582.031250
-,-,-
613.281250, -783.935547, -776.611328
295.410156, -811.279297, 238.281250
358.886719, -747.802734, -406.005859
293.457031, -562.255859, 268.554688
-171.142578, -345.947266, 345.703125
130.371094, -204.833984, 1099.121094
-65.185547, -333.740234, 973.632812
-75.927734, -245.849609, 1183.593750
-,-,-
529.296875, -829.345703, -805.908203
456.054688, -789.794922, -149.169922
333.984375, -757.568359, -266.845703
240.722656, -660.400391, 341.796875
22.460938, -460.693359, 530.273438
-45.654297, -124.755859, 467.285156
-17.822266, -322.021484, 1213.867188
-41.259766, -243.896484, 1195.800781
41.992188, -411.865234, 1708.984375
-,-,-
398.437500, -833.251953, -700.927734
505.859375, -870.849609, -310.302734
422.363281, -812.255859, -250.732422
130.371094, -615.478516, -6.103516
154.785156, -476.806641, 172.851562
-12.451172, -341.552734, 555.664062
-79.345703, -348.388672, 1060.546875
147.460938, -305.419922, 1218.750000
-12.451172, -329.833984, 1550.781250
-14.404297, -284.912109, 1490.234375
-,-,-
541.503906, -906.005859, -189.697266
303.710938, -751.708984, -323.486328
208.984375, -758.544922, 279.296875
170.410156, -657.470703, 191.894531
-22.216797, -258.056641, 19.531250
113.281250, -486.083984, 1157.714844
-80.810547, -226.318359, 864.257812
-,-,-
393.554688, -822.021484, -346.435547
373.535156, -770.263672, -239.013672
35.644531, -560.302734, 330.566406
-50.048828, -499.755859, 275.390625
-109.130859, -264.404297, 487.304688
25.878906, -376.220703, 1494.140625
-74.462891, -332.275391, 1085.937500
-,-,-
400.390625, -807.373047, -300.537109
285.644531, -621.826172, -802.001953
232.910156, -671.630859, 520.019531
70.800781, -418.212891, 268.554688
-123.291016, -125.732422, 898.925781
-36.865234, -302.978516, 1212.402344
-134.521484, -137.451172, 1156.738281
-,-,-
494.140625, -583.251953, -454.345703
730.468750, -808.349609, 1118.652344
234.863281, -328.857422, -46.630859
-280.029297, -206.787109, 1279.785156
-43.212891, -308.349609, 1237.304688
-230.712891, -135.986328, 1314.453125
-93.505859, -401.611328, 1625.000000
9.277344, -244.873047, 1113.281250
-,-,-
549.804688, -855.224609, -299.560547
487.304688, -779.052734, -588.623047
344.238281, -653.076172, 177.734375
-41.259766, -435.791016, -222.412109
10.253906, -48.095703, 438.476562
14.648438, -615.478516, 1651.367188
-87.158203, -210.693359, 475.097656
147.949219, -630.615234, 1988.769531
76.171875, -367.431641, 1168.945312
-,-,-
402.343750, -790.283203, -408.935547
483.886719, -869.873047, -289.306641
474.121094, -776.611328, -362.060547
260.253906, -557.861328, -248.779297
-85.693359, -362.060547, 221.191406
26.367188, 44.921875, 372.558594
33.691406, -482.177734, 1999.755859
-10.986328, -240.966797, 1015.625000
-,-,-
651.367188, -914.794922, -316.650391
518.554688, -823.974609, -516.845703
495.117188, -659.423828, -468.505859
188.964844, -598.388672, -229.736328
-478.271484, -60.791016, 87.402344
415.527344, -568.115234, 1202.148438
-56.884766, -167.724609, 714.843750
130.371094, -288.818359, 1659.179688
-96.923828, -465.576172, 1651.855469
-,-,-
381.835938, -883.544922, -139.404297
304.199219, -793.212891, -291.259766
310.058594, -865.966797, -409.912109
257.324219, -789.306641, -277.099609
265.625000, -573.486328, -788.818359
465.820312, -690.185547, 397.460938
-250.244141, -252.197266, 87.890625
423.339844, -268.310547, 1272.460938
-113.525391, -314.208984, 1357.910156
-230.712891, -89.599609, 1183.105469
8.300781, -542.724609, 1999.755859
-,-,-
257.812500, -811.279297, -147.216797
83.984375, -738.037109, 18.554688
-55.908203, -589.111328, -10.009766
88.378906, -307.373047, -150.146484
160.156250, -502.685547, 856.445312
-135.009766, -27.099609, 596.679688
-21.728516, -313.232422, 1999.755859
-9.033203, -317.626953, 1570.800781
-,-,-
354.492188, -837.646484, -370.849609
318.359375, -750.732422, -544.189453
402.343750, -841.552734, 524.414062
160.156250, -684.326172, 62.011719
52.734375, -291.748047, -13.427734
155.273438, -406.982422, 1050.781250
-92.529297, -192.626953, 837.402344
-34.912109, -146.240234, 1331.054688
-29.052734, -174.560547, 1419.921875
-37.841797, -173.583984, 1442.871094
-,-,-
291.015625, -726.318359, -41.748047
473.144531, -752.685547, -226.806641
190.917969, -628.662109, 420.898438
95.703125, -502.685547, 417.480469
-49.560547, -374.267578, 648.437500
44.921875, -401.611328, 1210.937500
-202.880859, -171.630859, 944.335938
-153.076172, -199.951172, 1298.828125
-172.119141, -147.216797, 1217.285156
-61.767578, -284.912109, 1523.437500
-,-,-
412.597656, -900.146484, -41.748047
251.953125, -806.396484, -392.822266
468.261719, -767.822266, 188.964844
20.996094, -618.896484, 143.554688
197.265625, -480.224609, 770.019531
-175.537109, -349.365234, 886.718750
-122.314453, -151.123047, 1026.855469
-56.396484, -320.068359, 1378.417969
-328.369141, 1.464844, 991.699219
14.648438, -322.509766, 1626.953125
-102.783203, -200.927734, 1388.671875
-,-,-
304.687500, -667.724609, -273.193359
230.468750, -561.279297, -191.162109
434.570312, -665.771484, 1157.714844
-85.693359, -357.666016, 709.472656
54.687500, -235.595703, 1534.179688
-89.111328, -245.849609, 1426.757812
-342.529297, 46.875000, 841.796875
-57.373047, -260.498047, 1657.226562
-,-,-
391.601562, -919.677734, -122.802734
483.886719, -975.341797, -192.138672
328.613281, -847.412109, -40.771484
97.167969, -606.689453, -480.224609
579.101562, -721.435547, 755.859375
-130.126953, -322.021484, 50.781250
809.082031, -313.720703, 1213.867188
-610.107422, -60.791016, 1393.554688
-119.873047, -168.701172, 1701.660156
-,-,-
494.140625, -908.935547, -271.240234
311.523438, -882.568359, -241.943359
370.605469, -770.751953, -324.462891
155.761719, -635.986328, -265.380859
37.109375, -411.376953, 211.914062
-159.912109, -358.642578, 572.265625
-204.833984, -235.595703, 867.675781
-257.568359, -271.240234, 1588.867188
-284.423828, -185.302734, 1121.093750
-,-,-
388.183594, -913.330078, -307.373047
358.398438, -782.958984, -461.669922
244.140625, -906.005859, 427.734375
213.867188, -720.458984, -275.146484
206.054688, -572.509766, 250.488281
-124.755859, -430.419922, 383.300781
140.625000, -357.666016, 847.167969
-128.173828, -329.833984, 1203.125000
-260.009766, -132.568359, 1110.351562
-,-,-
248.535156, -864.990234, 130.371094
328.613281, -796.630859, -460.205078
325.195312, -947.021484, 645.996094
268.066406, -807.373047, -221.923828
403.320312, -751.708984, 383.300781
138.671875, -633.056641, 481.933594
-148.193359, -371.337891, 674.316406
-178.466797, -364.013672, 1015.625000
-297.607422, -147.216797, 712.402344
-5.126953, -287.841797, 1724.609375
-,-,-
447.265625, -984.130859, 349.121094
219.726562, -864.013672, 207.031250
247.070312, -689.208984, -116.943359
88.867188, -657.470703, 202.148438
-25.634766, -545.654297, 484.863281
-22.216797, -478.759766, 662.109375
-23.681641, -345.458984, 790.527344
-383.056641, -172.607422, 1373.046875
-316.162109, -114.501953, 909.179688
-35.400391, -289.794922, 1792.968750
-,-,-
531.250000, -932.861328, 15.625000
671.875000, -1000.732422, -458.740234
368.652344, -772.705078, -79.833984
455.566406, -781.982422, -412.841797
197.753906, -568.115234, -106.689453
13.183594, -526.123047, 303.710938
-93.994141, -367.919922, 121.093750
-166.748047, -299.072266, 1226.562500
-250.244141, -256.591797, 698.242188
-155.517578, -293.701172, 1643.066406
-313.720703, -177.001953, 1247.070312
-,-,-
430.664062, -819.091797, -261.962891
303.222656, -771.728516, -402.099609
432.128906, -856.201172, 501.953125
169.433594, -637.451172, 18.554688
138.671875, -521.240234, 426.269531
129.882812, -436.767578, 517.089844
169.433594, -366.943359, 1090.332031
103.027344, -276.611328, 952.148438
-,-,-
333.496094, -865.966797, -304.443359
304.687500, -901.123047, 259.765625
405.761719, -875.244141, -193.115234
329.589844, -838.134766, 28.808594
71.777344, -662.841797, 261.718750
-73.974609, -500.244141, 43.945312
51.269531, -522.216797, 1028.808594
-176.513672, -332.763672, 568.847656
-184.814453, -216.552734, 1053.710938
-278.076172, -169.677734, 1315.429688
-371.337891, -57.373047, 1367.187500
-,-,-
372.070312, -901.123047, -398.193359
277.832031, -893.798828, -154.052734
394.531250, -860.107422, -239.013672
314.453125, -757.080078, -143.310547
124.511719, -621.826172, -218.505859
180.175781, -522.216797, 685.058594
-96.923828, -379.150391, 563.476562
70.800781, -308.349609, 1208.007812
-178.955078, -214.599609, 1123.046875
-190.673828, -142.822266, 1201.171875
-,-,-
307.617188, -893.310547, 337.890625
327.636719, -873.291016, 0.488281
326.660156, -723.388672, -18.310547
50.292969, -713.134766, 397.460938
395.019531, -700.927734, 391.601562
18.066406, -472.900391, 407.226562
319.824219, -554.931641, 1464.843750
-305.419922, -235.595703, 894.531250
-151.123047, -171.630859, 1036.621094
-,-,-
585.937500, -1000.732422, 6.347656
305.664062, -852.783203, -574.462891
139.648438, -821.044922, 8.789062
67.871094, -727.294922, -26.123047
33.691406, -462.646484, -256.103516
370.605469, -507.568359, 965.332031
-196.044922, -77.392578, 727.539062
12.695312, -134.521484, 1382.324219
-38.330078, -359.619141, 1785.156250
-154.541016, -154.541016, 1310.546875
-,-,-
377.441406, -904.052734, -542.724609
256.835938, -718.505859, -698.974609
219.726562, -699.951172, -302.490234
290.039062, -751.708984, 358.886719
-215.087891, -366.943359, -99.853516
-196.044922, -546.630859, 1108.398438
-187.255859, -460.205078, 741.210938
163.085938, -616.943359, 1605.957031
87.402344, -617.919922, 1464.843750
-,-,-
555.175781, -860.107422, -376.708984
352.050781, -790.771484, -573.486328
480.468750, -926.513672, 113.769531
149.414062, -748.779297, -31.494141
37.597656, -542.724609, -174.560547
197.265625, -668.701172, 453.125000
90.820312, -447.998047, 367.187500
-431.396484, -358.642578, 1304.687500
-65.185547, -452.880859, 1152.343750
-158.447266, -369.873047, 1290.527344
85.449219, -597.412109, 1607.910156
-,-,-
355.468750, -882.568359, -531.005859
230.468750, -874.267578, 83.984375
24.902344, -869.873047, 271.484375
125.488281, -809.326172, -145.263672
-35.888672, -720.458984, 379.882812
25.878906, -506.103516, 62.988281
-116.943359, -388.427734, 552.734375
-88.134766, -245.849609, 599.609375
-244.873047, -330.810547, 1739.746094
-62.255859, -286.865234, 1324.218750
-42.724609, -352.294922, 1612.304688
-,-,-
595.214844, -918.701172, -431.396484
492.675781, -937.744141, -269.287109
119.628906, -776.611328, -105.224609
122.070312, -660.888672, -132.080078
75.195312, -651.123047, 321.777344
-142.333984, -525.146484, 659.179688
127.441406, -600.341797, 834.472656
-405.029297, -349.365234, 1077.148438
-142.333984, -497.802734, 1530.273438
-143.310547, -439.208984, 1310.058594
-,-,-
432.128906, -861.083984, -368.896484
286.132812, -794.677734, -344.482422
129.394531, -742.919922, 91.796875
-91.552734, -652.099609, 79.101562
-193.115234, -582.763672, 166.992188
-128.173828, -401.611328, 797.851562
-196.044922, -328.857422, 821.289062
75.195312, -492.919922, 1949.218750
-36.865234, -459.716797, 1277.343750
-218.017578, -296.142578, 1130.371094
-,-,-
490.722656, -757.568359, -572.021484
670.898438, -887.451172, -430.419922
443.847656, -828.369141, -351.806641
200.683594, -733.642578, -10.498047
-116.455078, -554.931641, 172.851562
-82.763672, -518.798828, 293.457031
38.085938, -624.755859, 1025.390625
-135.009766, -576.416016, 971.191406
-200.439453, -481.201172, 1035.156250
-76.904297, -488.037109, 977.539062
-25.634766, -539.306641, 1263.671875
-,-,-
570.800781, -864.013672, -244.873047
411.132812, -791.259766, -813.232422
388.183594, -759.521484, -377.685547
152.343750, -673.583984, -57.373047
57.617188, -661.865234, 285.644531
37.109375, -639.404297, 280.273438
-173.095703, -469.970703, 692.382812
-45.166016, -445.068359, 795.898438
-227.294922, -330.810547, 1150.390625
-31.982422, -425.537109, 1305.664062
-,-,-
333.496094, -849.365234, -48.583984
41.503906, -604.248047, -215.576172
133.300781, -599.365234, 723.632812
44.921875, -586.669922, 500.976562
42.968750, -273.193359, 715.332031
64.453125, -307.373047, 994.140625
-230.712891, -71.044922, 1176.757812
-109.619141, -197.998047, 1705.566406
-12.451172, -185.302734, 1603.515625
-,-,-
375.000000, -875.244141, -331.787109
386.230469, -876.708984, -149.169922
45.898438, -653.076172, 7.812500
-293.212891, -396.728516, -22.216797
-41.259766, -237.548828, 671.386719
-282.470703, -81.787109, 818.359375
54.687500, -356.689453, 1999.755859
-,-,-
269.042969, -746.826172, -480.224609
429.687500, -825.927734, -521.728516
311.035156, -682.373047, -93.017578
-42.236328, -497.802734, 94.238281
-410.888672, -98.388672, 337.890625
-85.693359, -76.416016, 948.242188
-243.896484, -177.978516, 1546.386719
17.089844, -164.794922, 1641.113281
197.753906, -345.458984, 1930.175781
-,-,-
501.464844, -1004.638672, -124.755859
325.683594, -785.888672, -850.341797
138.183594, -579.345703, -116.943359
-127.197266, -422.607422, 468.750000
-259.033203, -234.130859, 786.132812
-145.751953, -233.154297, 804.199219
-33.447266, -256.103516, 1435.546875
-85.693359, -154.541016, 1404.296875
-,-,-
213.867188, -863.037109, -267.822266
294.433594, -857.666016, -666.748047
263.671875, -846.435547, 33.691406
-26.611328, -683.349609, 317.871094
-279.541016, -487.060547, 581.054688
-285.400391, -327.880859, 513.183594
-289.794922, -137.939453, 1026.855469
-219.482422, -144.775391, 975.585938
-19.287109, -291.259766, 1836.425781
-,-,-
233.886719, -837.646484, -780.517578
361.816406, -864.501953, -411.865234
166.015625, -777.099609, 419.433594
-50.048828, -619.873047, -90.087891
-152.587891, -510.498047, 767.089844
-327.880859, -243.896484, 214.843750
166.992188, -261.474609, 1650.878906
111.816406, -345.458984, 1457.031250
-166.748047, -231.201172, 1507.812500
-,-,-
316.406250, -952.392578, -336.669922
355.957031, -897.705078, -669.189453
77.636719, -741.943359, 282.226562
-89.111328, -563.232422, 93.261719
-37.841797, -426.513672, 658.203125
-52.490234, -333.740234, 590.820312
-131.103516, 60.058594, 767.089844
-10.986328, -246.826172, 1912.597656
-202.880859, -85.693359, 1300.781250
-,-,-
295.410156, -815.673828, -525.146484
531.250000, -969.970703, -739.013672
234.863281, -800.537109, 30.761719
69.824219, -651.123047, -90.576172
-317.626953, -333.740234, -94.482422
-193.115234, -396.728516, 742.187500
-205.810547, -228.271484, 492.187500
149.902344, -383.544922, 1808.105469
-10.009766, -349.365234, 1472.656250
-,-,-
344.726562, -889.404297, -487.060547
291.992188, -840.576172, -301.513672
240.722656, -792.236328, 100.097656
81.054688, -723.388672, 158.691406
20.507812, -524.169922, 377.441406
-63.232422, -482.177734, 726.562500
-123.779297, -380.126953, 760.742188
-16.845703, -410.888672, 1331.054688
116.210938, -442.138672, 1199.218750
-112.548828, -318.603516, 1167.968750
-,-,-
585.449219, -981.201172, -496.826172
310.058594, -872.802734, -395.263672
435.058594, -874.267578, -460.693359
277.832031, -859.130859, -279.052734
-16.845703, -561.279297, -335.693359
-148.681641, -277.587891, 241.210938
145.507812, -447.021484, 842.773438
-104.736328, -290.771484, 1184.570312
17.089844, -350.341797, 1318.847656
9.765625, -281.005859, 1431.640625
-,-,-
356.445312, -921.630859, -392.333984
159.667969, -777.099609, -515.869141
164.062500, -783.935547, -555.419922
221.679688, -765.380859, -32.470703
-46.630859, -502.685547, -22.216797
-66.162109, -506.591797, 777.343750
-7.080078, -408.935547, 469.726562
36.621094, -377.197266, 1426.757812
77.636719, -308.349609, 1231.445312
138.671875, -330.810547, 1396.484375
-,-,-
191.894531, -854.736328, -621.826172
318.359375, -854.248047, -257.080078
379.394531, -934.814453, -510.498047
229.492188, -796.630859, -626.708984
-146.728516, -485.107422, 191.894531
-133.544922, -372.314453, 9.277344
-1.708984, -463.623047, 1001.464844
118.164062, -361.083984, 752.929688
49.316406, -397.705078, 1501.953125
-30.517578, -311.279297, 1420.898438
-,-,-
271.484375, -844.482422, -483.154297
283.691406, -847.412109, -320.556641
349.609375, -898.193359, -446.044922
296.386719, -836.669922, -125.244141
-4.638672, -605.224609, 54.687500
-43.212891, -560.302734, 283.203125
171.386719, -605.712891, 751.953125
-285.400391, -229.248047, 692.382812
-34.423828, -340.576172, 1375.488281
-35.400391, -322.021484, 1441.406250
-,-,-
195.312500, -788.818359, -598.388672
482.421875, -942.138672, -309.326172
435.546875, -908.935547, -677.001953
185.546875, -752.685547, -536.865234
-84.716797, -418.212891, 12.695312
2.441406, -406.982422, 179.687500
-332.275391, -162.353516, 667.968750
28.320312, -281.005859, 1153.320312
89.843750, -322.998047, 1479.980469
-114.990234, -178.955078, 1544.433594
39.062500, -156.494141, 1214.843750
-,-,-
242.187500, -746.826172, -751.708984
335.937500, -796.630859, -484.619141
302.246094, -809.326172, -210.693359
14.160156, -567.138672, 175.781250
-38.818359, -476.806641, 467.773438
-59.814453, -432.373047, 500.000000
-223.876953, -193.603516, 874.023438
-25.146484, -278.076172, 1295.898438
140.136719, -315.185547, 1388.671875
-57.861328, -228.271484, 1515.625000
-,-,-
553.222656, -943.115234, -639.892578
361.816406, -897.705078, -784.912109
326.660156, -800.537109, -723.388672
-25.146484, -567.138672, -44.677734
-31.982422, -523.193359, 260.742188
-197.509766, -340.576172, 408.203125
-185.302734, -302.978516, 925.292969
-211.669922, -198.974609, 1080.078125
-40.771484, -303.466797, 1418.457031
-,-,-
211.914062, -899.169922, -815.185547
359.863281, -934.814453, -323.486328
314.453125, -885.498047, -712.158203
242.187500, -795.654297, -406.982422
-52.978516, -525.146484, 41.015625
-106.201172, -348.388672, 25.878906
-261.474609, -229.248047, 767.089844
63.476562, -311.279297, 1424.804688
97.167969, -334.716797, 1626.953125
-,-,-
257.324219, -883.544922, -485.595703
417.968750, -928.466797, -385.009766
24.414062, -680.419922, 329.101562
-71.533203, -551.513672, 123.535156
-69.091797, -457.763672, 434.570312
24.902344, -423.583984, 665.039062
124.023438, -287.841797, 934.082031
215.332031, -325.927734, 1679.199219
-4.638672, -144.287109, 1365.234375
-10.498047, -173.583984, 1321.289062
-,-,-
358.398438, -899.658203, -571.044922
206.542969, -788.818359, -403.076172
85.449219, -664.794922, -447.509766
68.847656, -531.982422, 191.894531
-52.490234, -386.474609, 138.671875
22.949219, -317.626953, 837.402344
-22.216797, -257.080078, 951.171875
161.132812, -164.794922, 1379.394531
324.218750, -311.279297, 1627.929688
322.753906, -201.416016, 1486.328125
-,-,-
340.820312, -920.654297, -805.908203
289.062500, -798.095703, -474.365234
-192.626953, -359.130859, 225.097656
-88.134766, -358.642578, 739.746094
-218.505859, -328.857422, 625.000000
124.511719, -300.537109, 1247.558594
54.687500, -331.787109, 1522.460938
-78.857422, -175.537109, 1321.777344
-,-,-
84.472656, -861.083984, -428.466797
191.894531, -954.833984, -130.126953
145.996094, -885.498047, -58.349609
226.562500, -933.837891, -509.521484
145.019531, -803.466797, 237.304688
-110.107422, -646.240234, 152.343750
210.449219, -626.708984, 442.871094
-17.822266, -510.498047, 745.117188
52.734375, -297.119141, 730.957031
-224.365234, -324.951172, 1625.976562
70.312500, -375.732422, 1298.828125
-,-,-
257.324219, -835.693359, -946.044922
315.429688, -719.482422, -652.099609
-181.884766, -348.388672, 37.597656
-153.564453, -356.689453, 496.093750
-144.287109, -371.337891, 555.664062
-172.119141, -320.556641, 1017.578125
51.269531, -242.919922, 1230.468750
-25.146484, -124.755859, 1435.546875
-,-,-
480.957031, -993.408203, -649.169922
138.671875, -779.052734, -507.568359
217.285156, -803.466797, -31.494141
127.929688, -676.025391, 8.789062
115.722656, -573.974609, 24.414062
194.335938, -480.224609, 516.113281
90.820312, -452.880859, 703.125000
115.722656, -287.841797, 1041.992188
93.261719, -278.564453, 1433.593750
-31.005859, -100.830078, 1297.851562
-,-,-
431.152344, -945.068359, -404.052734
210.449219, -839.599609, -588.623047
301.269531, -827.880859, 121.093750
62.500000, -699.951172, 38.574219
29.785156, -567.138672, 404.296875
108.398438, -626.708984, 347.656250
-116.943359, -364.013672, 823.242188
16.113281, -352.783203, 872.558594
-28.076172, -177.978516, 1250.488281
-363.525391, -4.638672, 1265.625000
-239.501953, -2.197266, 1137.695312
-,-,-
201.171875, -842.529297, -192.626953
208.007812, -796.142578, -286.865234
493.652344, -1013.427734, -225.830078
351.562500, -900.146484, -361.572266
167.968750, -773.193359, -417.236328
292.968750, -713.134766, 70.312500
68.847656, -447.021484, -130.126953
-64.208984, -211.669922, 925.781250
110.351562, -253.662109, 990.234375
188.964844, -94.482422, 1430.664062
10.742188, -47.607422, 1659.179688
-35.400391, -1.708984, 1408.203125
-,-,-
117.187500, -746.826172, -423.095703
142.578125, -634.521484, -44.677734
260.742188, -620.849609, 576.660156
124.023438, -455.810547, 842.773438
154.785156, -330.810547, 890.625000
-205.810547, -68.115234, 1083.007812
22.949219, -54.931641, 1348.144531
5.859375, -44.677734, 1343.750000
-6.103516, -89.599609, 1273.437500
-87.158203, -93.505859, 1103.515625
-,-,-
328.613281, -901.611328, -25.146484
244.140625, -778.076172, -168.701172
320.800781, -862.060547, -114.013672
477.050781, -924.560547, -134.521484
402.832031, -840.576172, 39.062500
24.414062, -507.568359, -14.404297
2.441406, -347.412109, 281.250000
-45.654297, -123.779297, 500.976562
-51.025391, -124.755859, 1458.984375
562.988281, -305.419922, 1546.386719
137.207031, -51.513672, 1696.289062
-,-,-
338.378906, -927.490234, -452.392578
422.363281, -973.876953, -252.685547
196.777344, -791.259766, -237.060547
103.515625, -659.912109, -173.583984
318.847656, -532.470703, 82.031250
177.734375, -380.126953, 595.703125
7.812500, -210.693359, 1097.656250
192.871094, -192.138672, 1310.546875
70.800781, -55.419922, 1397.460938
109.375000, -41.259766, 1438.476562
-,-,-
493.652344, -786.865234, 124.511719
287.109375, -740.966797, -262.939453
307.617188, -601.318359, 184.570312
171.875000, -582.763672, -174.560547
84.472656, -177.978516, -366.943359
213.867188, -293.701172, 1212.890625
94.238281, 165.039062, 311.523438
123.535156, -232.177734, 1999.755859
-19.287109, 62.988281, 1529.296875
-80.322266, 222.656250, 1242.187500
-,-,-
547.363281, -855.224609, -265.380859
529.296875, -763.427734, -467.529297
233.886719, -783.935547, 532.226562
22.460938, -509.521484, -138.427734
183.593750, -240.478516, 417.480469
-205.810547, -188.232422, 936.035156
-17.822266, 82.519531, 335.937500
128.417969, -272.705078, 1999.755859
42.480469, 13.671875, 1262.695312
-,-,-
485.839844, -878.662109, -590.576172
278.808594, -569.091797, -597.412109
116.699219, -468.505859, 347.656250
-204.833984, -116.455078, 82.031250
56.640625, -160.888672, 1535.156250
-83.740234, -8.544922, 716.308594
-200.439453, 132.812500, 1694.335938
-74.951172, 147.460938, 1431.640625
-248.779297, 294.433594, 1300.781250
-,-,-
468.750000, -855.224609, -136.474609
354.492188, -725.341797, 244.140625
203.125000, -738.037109, 869.628906
-67.138672, -415.771484, 281.738281
211.425781, -409.912109, 1121.582031
63.476562, -289.794922, 616.210938
-357.666016, 308.593750, 289.550781
71.777344, -99.853516, 1801.269531
22.460938, 94.726562, 1081.054688
-,-,-
361.816406, -916.748047, -611.572266
502.441406, -976.318359, -29.052734
590.820312, -945.068359, -334.716797
289.062500, -746.826172, 43.945312
269.042969, -657.470703, 83.007812
20.507812, -439.208984, 593.750000
118.652344, -462.158203, 689.453125
-185.791016, -114.501953, 542.968750
-63.232422, -93.505859, 1372.070312
-227.294922, 36.132812, 1330.078125
-356.689453, 161.132812, 1357.421875
-,-,-
486.328125, -917.724609, -18.310547
469.726562, -894.775391, -310.302734
310.058594, -815.673828, 76.171875
305.175781, -745.849609, -80.810547
26.367188, -394.287109, -25.146484
-114.501953, -224.365234, 561.523438
-116.943359, -130.615234, 711.914062
76.660156, -99.853516, 1332.031250
-76.904297, -132.568359, 1656.250000
-,-,-
126.464844, -851.806641, 322.753906
134.765625, -722.412109, 533.203125
49.804688, -711.669922, 571.777344
-59.814453, -612.548828, 553.710938
-42.236328, -458.740234, 445.800781
-47.607422, -498.779297, 781.738281
-248.779297, -233.154297, 550.781250
-111.572266, -264.404297, 1567.382812
-91.552734, -185.302734, 1012.695312
-,-,-
271.484375, -962.646484, 269.531250
82.031250, -794.189453, 135.742188
66.894531, -834.716797, 391.113281
-184.814453, -588.623047, -141.357422
114.257812, -496.337891, 513.183594
56.640625, -337.158203, 600.585938
31.250000, -213.623047, 856.445312
183.105469, -268.310547, 1777.832031
156.738281, -163.330078, 1730.957031
-4.638672, -170.654297, 1067.382812
-,-,-
-247.314453, -552.490234, 288.574219
249.511719, -416.259766, 573.242188
-83.740234, -218.994141, 1008.300781
-14.404297, -53.466797, 767.578125
-37.841797, 5.859375, 1535.156250
193.359375, -142.333984, 1972.656250
26.855469, -96.923828, 1376.953125
121.582031, -291.748047, 1168.457031
247.558594, -388.427734, 1012.695312
-,-,-
372.558594, -964.599609, -313.232422
310.058594, -849.365234, -231.201172
306.640625, -813.232422, -102.294922
47.851562, -679.443359, -26.123047
-35.888672, -542.236328, 423.339844
27.343750, -153.564453, 28.808594
35.156250, -349.365234, 1437.500000
-84.716797, -172.607422, 1314.941406
-,-,-
433.593750, -880.615234, -349.853516
390.625000, -836.669922, -484.619141
-27.099609, -587.646484, 63.964844
166.015625, -677.490234, 182.617188
-22.216797, -372.802734, 50.781250
85.449219, -555.908203, 1307.617188
60.058594, -407.958984, 895.507812
-19.775391, -236.572266, 994.628906
-11.474609, -456.298828, 1575.683594
200.683594, -376.220703, 1139.648438
-,-,-
217.285156, -798.583984, -502.685547
426.269531, -895.751953, -257.080078
144.042969, -734.619141, -14.404297
25.390625, -567.138672, 172.851562
82.031250, -559.326172, 753.906250
-79.345703, -322.021484, 598.632812
34.667969, -349.365234, 1436.523438
-11.474609, -338.134766, 1281.250000
19.531250, -324.951172, 1241.210938
-,-,-
302.246094, -847.412109, -410.888672
423.339844, -855.224609, -321.533203
219.726562, -722.412109, 124.023438
16.113281, -568.115234, 106.445312
167.968750, -604.248047, 644.042969
135.253906, -379.638672, 660.156250
-20.263672, -316.650391, 1192.871094
-91.552734, -295.166016, 1432.617188
-,-,-
480.468750, -951.904297, -753.662109
175.292969, -809.814453, -77.880859
301.269531, -780.029297, -260.986328
309.082031, -757.080078, 248.535156
166.992188, -658.935547, 266.601562
48.828125, -462.646484, 769.042969
-172.119141, -393.798828, 812.500000
1.464844, -278.564453, 816.406250
-67.626953, -312.255859, 1399.414062
91.796875, -333.740234, 1428.710938
-,-,-
289.550781, -868.896484, -543.701172
433.105469, -906.982422, -570.068359
306.640625, -787.841797, -279.052734
44.921875, -660.888672, 281.250000
-9.521484, -550.537109, 155.273438
58.105469, -375.244141, 684.082031
-106.201172, -307.373047, 843.750000
-110.595703, -184.326172, 1143.554688
-92.529297, -224.365234, 1466.796875
-,-,-
331.542969, -928.466797, -403.076172
381.835938, -931.396484, -616.455078
207.519531, -821.044922, -296.630859
-93.994141, -499.755859, -432.373047
53.222656, -548.583984, 688.476562
-3.662109, -471.923828, 378.906250
-54.931641, -191.162109, 904.785156
89.355469, -321.044922, 1025.390625
125.976562, -195.068359, 1432.617188
-,-,-
647.949219, -969.482422, -670.654297
188.476562, -759.521484, -497.802734
131.347656, -606.201172, -645.751953
83.984375, -616.455078, 529.296875
-130.615234, -557.861328, 515.136719
-187.255859, -253.662109, 489.746094
-40.283203, -376.220703, 991.210938
-16.845703, -243.896484, 1051.757812
-132.568359, -275.146484, 1545.410156
-,-,-
348.144531, -874.267578, -366.943359
390.136719, -818.603516, -553.466797
215.332031, -750.732422, -698.974609
25.878906, -542.724609, 76.171875
124.023438, -538.330078, 303.710938
-22.705078, -368.896484, 501.953125
-13.427734, -288.818359, 1005.371094
33.203125, -380.615234, 1482.910156
8.300781, -326.904297, 1427.734375
-15.869141, -199.462891, 1318.847656
-,-,-
463.378906, -883.544922, -440.185547
521.484375, -922.607422, -528.076172
198.242188, -620.849609, 62.988281
-49.560547, -480.224609, -262.451172
157.714844, -178.466797, 731.933594
54.687500, -326.904297, 972.656250
69.824219, -245.849609, 1421.875000
-58.837891, -263.427734, 1964.355469
-,-,-
451.660156, -965.576172, -851.318359
299.804688, -834.228516, -408.935547
335.937500, -817.626953, -547.119141
56.640625, -514.892578, 76.171875
-73.974609, -294.189453, 177.734375
-146.728516, -177.978516, 668.945312
-184.814453, -161.376953, 1101.562500
57.128906, -246.826172, 1470.703125
-43.212891, -150.146484, 1750.000000
-,-,-
477.050781, -1002.685547, -501.708984
267.089844, -846.435547, -864.013672
83.984375, -615.478516, -167.236328
-7.568359, -515.869141, -88.623047
23.925781, -123.779297, 212.402344
-196.533203, -134.033203, 1208.007812
13.183594, 74.218750, 849.609375
-10.986328, -128.662109, 1999.755859
106.933594, 3.906250, 1815.429688
-,-,-
478.027344, -943.115234, -911.865234
405.761719, -918.701172, -350.341797
114.746094, -696.044922, -242.919922
153.808594, -517.822266, 302.734375
-28.076172, -229.248047, 166.015625
-44.677734, 71.289062, 723.632812
155.761719, -86.669922, 1631.347656
-93.505859, 53.222656, 1561.523438
-,-,-
243.164062, -915.283203, -570.068359
-5.126953, -690.185547, -830.810547
-225.341797, -377.197266, 95.214844
-244.873047, -237.548828, 248.046875
-287.841797, 60.058594, 706.542969
-59.814453, -190.673828, 915.039062
125.488281, 3.417969, 1312.500000
-62.744141, -63.232422, 1999.755859
-,-,-
511.230469, -1062.255859, -596.435547
124.023438, -699.951172, -878.173828
-119.384766, -347.412109, 308.593750
-116.943359, -381.591797, 903.320312
-158.935547, -263.916016, 726.562500
-185.302734, -127.685547, 1012.695312
69.335938, -176.025391, 1297.363281
-103.759766, -77.392578, 1560.546875
-,-,-
299.316406, -950.439453, -380.615234
305.664062, -837.646484, -309.326172
207.519531, -756.591797, 310.546875
167.480469, -618.896484, 76.171875
-204.833984, -266.357422, 810.546875
20.996094, -301.513672, 714.843750
-104.248047, -77.880859, 1135.253906
23.925781, -273.193359, 1629.882812
-,-,-
300.781250, -840.576172, -507.568359
385.253906, -886.474609, -118.896484
105.957031, -680.419922, 206.054688
-37.841797, -388.916016, -148.193359
-202.880859, -218.017578, 1037.109375
-155.517578, -135.498047, 701.171875
-209.228516, -127.685547, 1736.816406
2.441406, -184.326172, 1514.648438
-,-,-
526.855469, -1038.330078, -204.833984
309.570312, -865.966797, -348.388672
227.050781, -746.826172, 27.832031
208.984375, -687.255859, 411.132812
-191.650391, -269.287109, -114.990234
-402.099609, -128.662109, 1308.593750
39.062500, -286.865234, 926.757812
-,-,-
-158.935547, -245.849609, 1555.175781
-,-,-
246.582031, -767.333984, -297.119141
428.710938, -966.552734, 311.523438
249.511719, -831.298828, 197.265625
265.136719, -633.056641, -79.833984
-95.458984, -554.931641, 480.957031
-57.373047, -180.908203, 47.851562
-59.326172, -545.654297, 1587.402344
361.816406, -644.287109, 1544.433594
60.058594, -482.666016, 1372.070312
-,-,-
216.308594, -736.572266, -271.240234
-10.009766, -488.037109, -324.462891
195.312500, -608.642578, 551.269531
-20.263672, -435.302734, 456.054688
-199.951172, -123.779297, 665.527344
62.011719, -596.435547, 1478.515625
-142.822266, -205.810547, 974.121094
-,-,-
590.332031, -822.998047, -388.916016
379.882812, -750.732422, -248.779297
314.453125, -634.521484, 28.808594
63.476562, -662.841797, 344.726562
-4.150391, -364.501953, 138.671875
-243.896484, -548.583984, 1222.167969
336.914062, -400.146484, 607.910156
198.730469, -684.326172, 1581.054688
48.339844, -564.208984, 1459.960938
-,-,-
275.878906, -769.287109, -547.119141
-83.740234, -448.974609, -279.541016
-164.306641, -447.021484, 458.007812
-254.638672, -277.099609, 466.796875
13.671875, -80.322266, 677.246094
81.054688, -590.576172, 1763.671875
88.867188, -140.380859, 1158.691406
3.906250, -361.083984, 1650.390625
-,-,-
469.726562, -814.208984, -115.966797
583.984375, -785.888672, -582.275391
305.175781, -697.021484, 161.621094
183.105469, -579.833984, -57.373047
220.703125, -529.052734, 565.429688
260.253906, -487.060547, 1216.308594
232.910156, -565.185547, 1448.730469
51.757812, -519.287109, 1407.226562
253.906250, -523.193359, 1229.492188
187.988281, -564.208984, 1178.710938
-,-,-
-487.060547, -242.919922, 524.414062
-274.658203, -271.240234, 1436.035156
-147.705078, -228.271484, 1328.125000
-253.662109, -144.287109, 919.921875
205.078125, -419.677734, 1218.261719
24.414062, -384.521484, 1180.664062
-,-,-
292.968750, -788.818359, -178.466797
184.570312, -690.185547, -79.833984
137.207031, -778.564453, 485.839844
-83.740234, -389.404297, -317.626953
85.449219, -348.388672, 1052.734375
-96.435547, -121.337891, 1000.488281
153.808594, -383.544922, 1938.964844
181.152344, -414.794922, 1917.968750
-,-,-
352.050781, -875.244141, -647.705078
245.605469, -756.103516, -670.654297
40.039062, -611.572266, -289.306641
-77.392578, -352.294922, 493.164062
11.718750, -202.880859, 208.984375
-65.673828, -60.791016, 1320.800781
313.476562, -331.787109, 1512.207031
166.992188, -291.748047, 1793.945312
-,-,-
354.492188, -949.951172, -550.048828
316.894531, -931.884766, -19.287109
90.820312, -616.455078, -621.337891
152.832031, -779.541016, 637.695312
-78.369141, -468.505859, -54.443359
-12.451172, -390.380859, 769.042969
28.320312, -395.263672, 914.062500
-25.146484, -181.396484, 1048.828125
307.128906, -461.181641, 1633.789062
-62.255859, -211.669922, 1299.804688
-,-,-
223.144531, -741.943359, -994.873047
277.832031, -803.466797, 64.941406
94.238281, -635.986328, 276.367188
-343.017578, -254.150391, 238.281250
-84.716797, -315.185547, 1051.757812
12.695312, -206.787109, 851.562500
288.085938, -227.294922, 1269.042969
192.382812, -215.576172, 1591.796875
-47.607422, -57.861328, 1326.171875
-,-,-
555.175781, -1018.310547, -391.357422
201.171875, -848.388672, 113.769531
-75.927734, -527.099609, -126.708984
-51.513672, -411.865234, 338.867188
-156.982422, -279.541016, 967.285156
-22.216797, -148.193359, 557.617188
298.339844, -311.767578, 1763.183594
98.632812, -128.662109, 1565.429688
-,-,-
318.847656, -961.669922, -636.474609
353.515625, -945.068359, -75.927734
293.457031, -895.263672, -143.310547
55.664062, -744.873047, 49.804688
173.828125, -692.138672, -46.630859
-215.087891, -371.337891, 573.730469
172.363281, -354.248047, 446.777344
-100.341797, -220.947266, 1213.378906
58.105469, -216.552734, 1189.941406
181.152344, -161.865234, 1348.144531
-10.009766, -153.076172, 1481.933594
-,-,-
153.320312, -874.267578, -518.798828
390.136719, -941.162109, -234.130859
273.437500, -901.123047, -164.306641
9.765625, -636.962891, -258.056641
204.101562, -509.521484, 216.308594
-177.490234, -228.271484, 409.667969
-72.021484, -222.412109, 1285.644531
67.871094, -209.716797, 1000.488281
-74.951172, -60.791016, 1431.640625
104.003906, -208.740234, 1807.617188
-,-,-
347.167969, -918.701172, -173.583984
488.281250, -953.369141, -226.806641
26.855469, -715.087891, -142.333984
130.859375, -623.779297, 62.988281
92.773438, -517.333984, 180.664062
0.976562, -324.462891, 375.976562
32.714844, -260.986328, 778.320312
103.027344, -170.654297, 1309.570312
87.402344, -181.396484, 1576.660156
74.218750, -150.146484, 1740.722656
-,-,-
740.234375, -1043.701172, 62.988281
406.250000, -867.919922, -665.771484
199.707031, -730.224609, -42.724609
296.875000, -680.908203, -168.212891
-202.392578, -235.595703, 228.027344
19.531250, -155.517578, 647.460938
-30.029297, -167.724609, 1481.933594
-47.119141, -27.587891, 1257.324219
262.695312, -201.904297, 1883.789062
-,-,-
420.410156, -884.521484, -612.548828
361.816406, -823.974609, -63.232422
257.324219, -757.568359, 65.429688
-196.044922, -460.693359, 90.820312
250.976562, -572.021484, 338.867188
-132.080078, -256.103516, 481.933594
-22.216797, -208.740234, 1323.730469
137.207031, -253.173828, 1251.953125
-145.751953, 9.765625, 1240.234375
-,-,-
194.335938, -883.544922, -671.630859
183.105469, -765.380859, -548.095703
135.742188, -693.603516, -90.087891
-58.349609, -447.021484, 311.035156
120.605469, -342.041016, 392.089844
-178.466797, -101.318359, 1082.031250
75.683594, -67.138672, 1274.414062
-54.931641, 42.480469, 1504.882812
5.859375, -3.662109, 1439.453125
-,-,-
348.632812, -940.185547, -673.095703
207.519531, -833.251953, -409.912109
143.554688, -717.529297, -1.220703
-17.822266, -588.134766, 96.191406
133.300781, -518.310547, 290.527344
-344.482422, -144.287109, 587.890625
101.074219, -307.373047, 1364.257812
-48.583984, -175.537109, 1267.578125
-25.634766, -124.755859, 1291.015625
-,-,-
324.218750, -928.466797, -327.880859
369.628906, -967.529297, -319.580078
116.210938, -797.607422, -58.349609
75.195312, -674.072266, -174.560547
237.304688, -712.158203, 291.015625
-216.064453, -324.951172, 386.718750
120.605469, -371.826172, 988.281250
-110.107422, -225.341797, 1102.539062
3.417969, -128.662109, 1385.253906
-113.525391, -88.623047, 1445.312500
-8.056641, -97.412109, 1037.109375
-,-,-
371.582031, -952.392578, -218.505859
470.703125, -983.154297, -687.255859
156.250000, -749.755859, 63.964844
59.082031, -575.927734, -289.306641
383.789062, -481.201172, 217.285156
-392.333984, 41.992188, 420.898438
36.132812, 20.019531, 1229.492188
269.531250, -265.380859, 1799.804688
83.007812, 28.320312, 1354.492188
147.460938, -14.404297, 1439.453125
-,-,-
323.730469, -885.498047, -441.162109
432.128906, -956.787109, -406.982422
221.679688, -768.798828, -154.052734
210.449219, -657.958984, 25.390625
-37.353516, -408.935547, 265.625000
-18.310547, -294.677734, 821.289062
-239.990234, -159.423828, 1288.574219
64.453125, -251.708984, 1500.000000
-151.123047, -83.740234, 1181.640625
-10.009766, -183.349609, 1262.695312
