-,-,-
-436.279297, -890.869141, -609.619141
-427.490234, -332.763672, -1313.720703
69.824219, 700.195312, 355.468750
790.039062, 613.769531, 1052.734375
-790.771484, -156.005859, 1830.566406
-,-,-
-646.728516, -826.904297, -1635.009766
-569.580078, 50.781250, -878.662109
498.046875, 552.246094, 383.300781
-150.146484, 139.648438, 1475.097656
-209.716797, -168.701172, 1700.195312
-,-,-
-409.912109, -383.544922, 621.093750
250.488281, 275.878906, -360.595703
-157.958984, 123.046875, 1773.925781
-607.177734, -105.224609, 1355.468750
-404.052734, -51.513672, 1763.183594
-,-,-
-578.857422, -335.205078, -256.103516
545.410156, 612.304688, 717.285156
-340.087891, -396.728516, 1849.609375
90.820312, 86.914062, 949.218750
-199.951172, -467.041016, 1999.755859
-,-,-
-912.353516, -675.048828, 29.785156
-344.970703, -49.560547, -1053.466797
1158.691406, 437.988281, 1999.755859
-154.541016, -11.474609, 1212.890625
-,-,-
-433.837891, -780.029297, -793.701172
-666.259766, -264.404297, -860.595703
-58.349609, -156.005859, 587.402344
64.941406, 221.679688, 694.335938
-249.267578, -154.052734, 1999.755859
-,-,-
-195.068359, 112.304688, -682.861328
-107.177734, 99.121094, 1599.121094
-85.693359, 13.183594, 1312.011719
-315.185547, -132.568359, 1999.755859
-107.177734, -135.498047, 1978.515625
-,-,-
-642.333984, -822.998047, -1051.513672
-243.408203, -265.380859, 525.390625
-40.771484, -248.779297, 294.921875
221.679688, 235.351562, 1037.597656
-,-,-
-486.083984, -947.998047, -789.794922
-528.076172, -300.537109, -348.876953
381.835938, 127.929688, 1022.460938
-159.912109, -174.560547, 1039.550781
-65.185547, 112.304688, 940.917969
-430.419922, -231.201172, 1999.755859
-,-,-
-634.521484, -691.162109, -857.177734
-311.767578, -139.892578, 218.750000
558.593750, 395.996094, 346.191406
-376.708984, 17.089844, 1939.453125
-274.658203, -98.388672, 1694.335938
-,-,-
-572.021484, -560.302734, -1133.056641
-181.884766, -82.275391, 334.960938
309.082031, -19.287109, 717.773438
-222.412109, -395.751953, 1968.261719
-322.998047, -170.654297, 1710.449219
-,-,-
-518.798828, -690.673828, -1037.353516
-385.009766, -220.947266, -138.916016
666.503906, 243.164062, 598.632812
72.265625, 83.984375, 1844.238281
143.554688, 146.484375, 1131.835938
-,-,-
-474.853516, -774.658203, -1229.736328
-125.732422, -183.349609, 826.171875
-70.068359, -101.806641, 210.937500
117.187500, 224.609375, 1852.539062
-329.345703, 51.757812, 1211.914062
-,-,-
-504.150391, -563.232422, -413.330078
440.917969, -98.876953, 653.808594
221.679688, 137.695312, 899.902344
-388.916016, -10.498047, 1946.289062
-128.173828, 258.789062, 1023.925781
-132.568359, 69.335938, 1782.226562
-,-,-
-469.482422, -645.263672, -1156.005859
921.386719, 406.250000, 1999.755859
-660.888672, -129.638672, 907.714844
-458.251953, 111.328125, 1061.035156
-141.357422, -7.568359, 1999.755859
-,-,-
-233.642578, -728.271484, -976.806641
-159.423828, -272.216797, -397.216797
357.421875, 177.246094, 616.699219
-358.154297, -20.751953, 1268.554688
-208.251953, 113.281250, 1439.453125
-,-,-
-519.775391, -835.693359, -88.623047
-104.248047, -514.892578, -722.412109
-66.650391, -216.552734, 894.531250
28.320312, 103.515625, 369.140625
39.062500, 181.640625, 1553.710938
-120.361328, -55.419922, 1629.882812
-,-,-
-352.783203, -923.583984, -284.423828
-392.333984, -636.962891, -376.708984
-195.068359, -420.654297, 320.800781
617.675781, 127.441406, 196.777344
95.214844, 276.855469, 1138.671875
-340.087891, 48.828125, 1442.871094
-,-,-
-416.259766, -910.888672, -571.533203
-740.478516, -750.732422, -225.830078
-4.638672, -337.158203, 214.843750
37.109375, 57.128906, 738.769531
165.527344, 144.531250, 498.046875
-525.146484, -98.388672, 1683.593750
-113.525391, 134.765625, 1999.755859
-,-,-
-655.029297, -845.458984, -480.712891
-386.474609, -510.009766, -396.240234
43.457031, -134.521484, 1025.390625
153.808594, 67.382812, 861.816406
162.597656, 217.285156, 1391.113281
-162.353516, -28.076172, 1999.755859
-,-,-
-484.130859, -841.552734, -1341.552734
-590.087891, -668.701172, -48.583984
328.613281, 46.386719, -244.873047
425.292969, 204.101562, 1265.625000
-98.388672, 130.859375, 670.898438
-43.212891, 180.175781, 1782.226562
-,-,-
-402.587891, -1015.869141, -770.751953
-629.150391, -780.517578, 283.203125
245.117188, -66.650391, -345.947266
-32.470703, -370.361328, 1714.843750
-130.126953, -145.263672, 689.453125
-219.482422, 48.828125, 994.628906
-109.130859, -314.208984, 1999.755859
-,-,-
-396.728516, -391.845703, -1051.513672
442.382812, 166.015625, 920.898438
-52.001953, -72.998047, 1112.304688
-355.712891, -122.802734, 1663.085938
-144.287109, -87.646484, 1999.755859
-,-,-
-139.892578, -5.126953, -1095.947266
189.453125, 250.000000, 1557.128906
-462.646484, -212.646484, 1393.066406
-646.240234, -210.693359, 1997.558594
-132.080078, 9.765625, 1999.755859
-,-,-
-572.509766, -743.896484, -256.103516
-287.353516, -447.998047, -782.470703
646.484375, 261.718750, 602.050781
-58.349609, 62.011719, 1067.871094
-40.283203, 40.527344, 1190.917969
-,-,-
-865.966797, -920.654297, -1130.126953
-294.189453, -323.974609, 73.242188
546.386719, 80.078125, 520.019531
196.777344, -173.583984, 1023.437500
41.503906, 170.898438, 596.679688
-14.892578, 109.375000, 1460.937500
-,-,-
-345.947266, -774.169922, -859.130859
-1.220703, -387.451172, 665.039062
-109.130859, -339.111328, 312.988281
12.695312, -114.501953, 899.902344
-315.185547, -59.814453, 781.250000
-527.587891, -42.724609, 1540.527344
-,-,-
-383.544922, -768.310547, -93.994141
-183.349609, -631.103516, -583.251953
363.769531, -33.935547, 728.515625
69.824219, -186.279297, 725.585938
111.816406, 135.253906, 498.046875
-401.123047, 0.488281, 1590.820312
-171.630859, 315.917969, 1559.570312
-,-,-
-562.744141, -1090.087891, -356.689453
-503.173828, -833.251953, -1193.603516
160.156250, -260.498047, -333.251953
183.105469, -174.560547, 129.394531
676.269531, 411.132812, 178.710938
-41.748047, 16.601562, 1417.480469
-216.064453, 113.281250, 1298.339844
-,-,-
-361.083984, -736.572266, -1309.326172
-577.392578, -625.732422, -596.435547
577.636719, -132.568359, 1081.054688
-165.771484, -361.083984, 881.835938
283.203125, 237.304688, 323.730469
-454.345703, -58.837891, 1599.609375
-294.677734, -17.822266, 1655.273438
-,-,-
-645.263672, -504.638672, -1782.470703
509.277344, 194.824219, 1308.105469
-202.880859, -49.560547, 817.871094
-324.951172, 74.218750, 1226.074219
-317.138672, -63.720703, 1955.078125
-,-,-
-490.478516, -927.490234, -669.189453
-473.388672, -766.357422, -473.388672
-104.736328, -445.068359, -136.474609
235.351562, -22.216797, 205.566406
447.753906, 20.019531, 922.851562
-243.408203, -84.716797, 1235.351562
-384.521484, -92.529297, 1999.755859
-,-,-
-198.974609, -854.736328, -841.064453
-72.509766, -833.740234, 464.843750
298.828125, -578.369141, -463.623047
95.703125, -384.033203, 284.667969
-93.505859, -364.990234, 21.484375
238.281250, 244.140625, 187.988281
-480.224609, -260.009766, 1586.914062
-318.115234, -70.068359, 1316.894531
-,-,-
-193.115234, -958.740234, -415.283203
-690.673828, -966.552734, -548.095703
236.328125, -158.447266, -80.810547
413.574219, -221.923828, 647.460938
847.167969, 67.382812, 645.996094
-,-,-
-248.779297, -861.083984, -594.482422
-125.732422, -629.638672, 95.214844
195.312500, -136.962891, 59.570312
610.839844, -3.173828, 1287.597656
-269.287109, -527.099609, 952.148438
-,-,-
-145.263672, -874.267578, -641.357422
-526.611328, -954.833984, -274.169922
-109.130859, -607.177734, -675.048828
79.101562, -324.951172, -8.544922
555.175781, 17.089844, 354.980469
32.714844, -211.181641, 1137.207031
-176.513672, -409.912109, 1452.636719
-,-,-
-2.685547, -737.548828, -694.091797
-131.591797, -688.232422, -229.736328
122.070312, -368.896484, -218.505859
184.082031, -182.861328, 669.921875
-30.029297, -381.591797, 914.062500
-384.521484, -453.857422, 1361.328125
-,-,-
-516.357422, -873.291016, -437.255859
-231.689453, -964.599609, -323.486328
-373.779297, -797.119141, -488.525391
-140.380859, -515.869141, -822.021484
190.917969, -144.287109, 65.917969
465.820312, 316.894531, 291.503906
-257.080078, -441.162109, 1804.687500
-417.236328, -250.732422, 1453.613281
-,-,-
-285.400391, -941.162109, -1001.220703
-447.509766, -839.599609, -357.666016
302.246094, -59.814453, -615.478516
415.527344, 162.597656, 831.542969
186.523438, -152.099609, 880.859375
-322.998047, -108.154297, 1118.652344
-,-,-
-151.611328, -653.564453, 20.507812
-104.736328, -387.451172, -491.455078
539.062500, 98.144531, 994.628906
-199.462891, -309.326172, 797.363281
-481.201172, -286.865234, 1413.574219
-548.583984, -435.302734, 1833.007812
-,-,-
-299.560547, -904.052734, -615.478516
-476.318359, -764.404297, -782.958984
194.335938, -204.345703, 169.921875
218.261719, -97.900391, 364.257812
35.644531, -98.388672, 1054.687500
-310.302734, -287.353516, 1424.804688
-355.224609, -205.810547, 1648.437500
-,-,-
-85.205078, -815.673828, -1298.095703
-478.271484, -815.673828, -440.185547
105.957031, -252.685547, -552.001953
122.070312, -133.544922, 726.562500
27.832031, -64.208984, 338.867188
-212.646484, -57.373047, 1260.253906
-438.232422, -240.478516, 1922.851562
-,-,-
-385.986328, -845.458984, -1377.685547
-343.994141, -724.365234, -490.478516
483.886719, 14.648438, 179.199219
64.453125, -62.255859, 852.539062
95.214844, -103.271484, 1231.445312
-64.208984, -244.873047, 1412.109375
-,-,-
-188.720703, -796.630859, -1193.603516
-259.521484, -685.302734, 291.992188
-42.236328, -444.091797, -107.666016
45.898438, -220.947266, 670.410156
-238.037109, -192.138672, 669.921875
-294.189453, -293.701172, 1751.953125
-465.087891, -273.681641, 1827.148438
-,-,-
-454.833984, -922.607422, -286.376953
-300.537109, -759.521484, -183.349609
-241.455078, -596.923828, -266.357422
145.019531, -197.509766, 49.804688
62.500000, -163.330078, 828.613281
-372.314453, -409.912109, 1086.914062
-,-,-
-44.677734, -708.740234, -781.005859
-362.548828, -699.951172, -324.462891
-134.521484, -578.369141, -259.033203
128.417969, -99.853516, 301.757812
-156.982422, -336.181641, 1227.050781
-170.166016, -303.466797, 1236.328125
-,-,-
-306.396484, -1094.970703, 1573.730469
-73.974609, -876.708984, 535.644531
46.875000, -558.837891, 51.757812
70.800781, -419.189453, -349.853516
178.710938, -148.193359, -143.310547
-110.595703, 107.421875, 249.511719
-504.638672, 234.375000, 1103.027344
-,-,-
-640.380859, -1103.271484, 13.671875
-45.654297, -752.197266, -1606.201172
-272.216797, -625.732422, -148.193359
189.941406, -35.888672, -682.373047
314.941406, 131.835938, 1158.691406
-234.619141, -358.642578, 1047.851562
-,-,-
-228.271484, -817.138672, -976.318359
-123.779297, -432.373047, -1058.837891
339.843750, 62.500000, 195.312500
-373.779297, -268.310547, 1232.421875
-179.443359, -291.748047, 1072.265625
-478.271484, -356.689453, 1992.187500
-,-,-
-158.447266, -673.583984, -1446.044922
-369.384766, -794.189453, -673.583984
-242.431641, -480.224609, -1172.607422
642.089844, 272.460938, 494.140625
98.632812, -279.541016, 975.585938
22.460938, -424.560547, 1092.285156
-,-,-
-327.880859, -809.326172, -684.814453
-451.904297, -312.255859, -1270.263672
541.992188, 212.890625, 934.082031
-197.021484, -311.279297, 1147.460938
-304.931641, -708.251953, 1958.007812
-,-,-
-330.322266, -978.271484, -788.818359
-242.431641, -682.373047, -583.251953
-100.830078, -206.787109, -190.185547
212.890625, -123.779297, 775.878906
-56.396484, -13.916016, 1113.769531
-213.623047, -568.115234, 1999.755859
-,-,-
-408.447266, -1013.916016, -28.564453
-573.974609, -647.216797, -1151.123047
541.015625, -10.498047, 839.355469
371.093750, 175.292969, 345.214844
125.000000, -23.681641, 1605.468750
-236.083984, -338.134766, 1769.042969
-,-,-
-417.236328, -771.728516, -578.369141
58.105469, -104.736328, -539.794922
349.121094, 245.605469, 765.136719
-139.892578, -21.728516, 1513.183594
-89.111328, -177.001953, 1754.882812
-,-,-
-131.103516, -601.806641, -446.044922
126.464844, 66.894531, -918.701172
185.546875, 393.066406, 1053.710938
-681.884766, -522.705078, 1666.992188
-669.677734, -433.837891, 1999.755859
-,-,-
-465.087891, -814.697266, -94.970703
-361.572266, -319.580078, -1627.685547
597.656250, 353.515625, 1999.755859
-388.916016, 319.824219, 159.667969
-305.908203, 440.429688, 1916.015625
-681.396484, -159.912109, 1999.755859
-,-,-
-456.298828, -633.544922, -212.646484
131.347656, -128.662109, -855.224609
15.136719, 22.949219, 1413.085938
-292.236328, 49.804688, 342.773438
-259.033203, 70.312500, 1326.171875
-345.458984, -514.892578, 1999.755859
-,-,-
-473.388672, -1192.626953, -306.396484
-551.025391, -599.853516, -1652.587891
992.675781, 476.074219, 1621.093750
-339.599609, 57.128906, 322.753906
47.851562, 275.878906, 505.859375
-488.037109, -218.994141, 1999.755859
-,-,-
-321.533203, -1040.283203, -582.763672
-568.603516, -541.748047, -1310.302734
224.121094, 218.261719, 121.582031
-1.708984, 167.968750, 951.171875
175.292969, 496.582031, 610.839844
-718.017578, 7.324219, 1999.755859
-867.919922, -359.619141, 1999.755859
-,-,-
-228.271484, -1073.486328, -833.251953
-405.517578, -603.271484, -242.919922
583.007812, 195.800781, -232.666016
-245.849609, 101.074219, 1246.093750
95.214844, -39.794922, 1122.558594
-479.248047, -245.849609, 1999.755859
-,-,-
-471.435547, -896.728516, -852.294922
-48.583984, -657.470703, -724.365234
-158.935547, -104.248047, -218.505859
83.007812, -160.400391, 493.164062
73.730469, 33.203125, 290.527344
-174.072266, -142.333984, 1958.496094
-602.294922, -328.857422, 1691.406250
-,-,-
-136.962891, -862.060547, -1024.169922
37.109375, -338.134766, 354.980469
48.828125, -183.349609, 131.835938
-152.099609, -197.509766, 1283.691406
-390.380859, -329.833984, 822.265625
-384.521484, -271.240234, 1702.148438
-,-,-
-262.451172, -919.677734, -711.181641
-173.583984, -616.455078, -401.123047
194.824219, -145.263672, -165.771484
-392.333984, -323.974609, 908.203125
-114.990234, -255.126953, 503.906250
-323.974609, -178.955078, 1537.597656
-,-,-
-288.818359, -745.849609, -540.771484
-37.841797, -262.939453, -719.970703
-60.791016, -126.708984, 881.835938
-421.630859, -338.134766, 571.289062
-383.056641, -199.951172, 1532.226562
-,-,-
-496.337891, -974.365234, -173.583984
-200.927734, -767.333984, -532.958984
-207.275391, -447.021484, -260.009766
246.093750, -271.240234, 193.847656
-354.736328, -421.630859, 885.742188
-384.521484, -222.900391, 1004.394531
-,-,-
-228.271484, -756.103516, 15.625000
-30.029297, -564.208984, -368.896484
30.761719, -337.158203, 1125.488281
-385.498047, -440.185547, 530.273438
-327.392578, -67.138672, 1032.714844
-410.888672, -229.736328, 1740.722656
-,-,-
-582.763672, -742.919922, -942.138672
435.546875, 154.296875, 753.906250
-206.298828, -278.076172, 1078.125000
37.109375, -71.044922, 1356.933594
-332.763672, -113.525391, 1564.453125
-169.189453, -125.732422, 1864.746094
-,-,-
-171.142578, -714.111328, 249.023438
-317.626953, -610.107422, -386.962891
303.710938, -154.541016, 34.667969
51.269531, -33.935547, 803.222656
-161.376953, -62.744141, 476.562500
-617.431641, 79.589844, 1706.542969
-691.650391, -100.830078, 1802.246094
-,-,-
-291.259766, -750.244141, -675.048828
-42.236328, -677.001953, 57.128906
-144.775391, -556.884766, 71.289062
125.000000, -205.810547, 550.781250
-318.115234, -122.802734, 723.632812
-430.419922, -180.419922, 1495.117188
-600.341797, -95.458984, 1370.117188
-,-,-
-303.955078, -1069.580078, 196.289062
-322.509766, -725.341797, -344.970703
334.960938, -346.435547, -6.103516
-195.556641, -283.935547, 423.828125
-72.021484, -283.935547, 878.906250
-372.314453, -56.396484, 994.140625
-,-,-
-405.517578, -988.525391, -644.775391
-196.044922, -627.685547, 210.937500
111.816406, -262.451172, -92.529297
-176.513672, -385.498047, 995.605469
-373.291016, -280.517578, 407.226562
-,-,-
-437.255859, -951.416016, 261.230469
-206.298828, -673.095703, -814.208984
1.953125, -455.322266, 208.007812
-178.955078, -384.521484, -26.123047
-93.017578, -183.349609, 755.859375
-457.275391, -304.931641, 1202.148438
-741.943359, -344.482422, 1717.773438
-,-,-
-394.775391, -864.990234, -702.880859
-184.814453, -756.103516, -510.498047
-144.775391, -423.583984, -594.482422
-73.486328, -206.787109, 787.109375
-278.076172, -431.884766, 562.500000
-,-,-
-127.685547, -1077.880859, -137.939453
-284.423828, -813.720703, -381.103516
-184.326172, -500.244141, -633.544922
274.902344, 30.273438, 453.613281
13.183594, -138.916016, 582.031250
-482.177734, -281.494141, 1416.503906
-,-,-
-247.802734, -1033.447266, -714.111328
-182.861328, -526.123047, -391.357422
328.613281, 15.136719, -135.009766
-297.607422, -152.099609, 1037.597656
-209.228516, -156.982422, 738.769531
-,-,-
-423.095703, -858.642578, -1684.814453
-101.318359, -383.056641, -83.740234
104.492188, 27.343750, -38.330078
159.179688, 452.636719, 692.382812
-382.568359, 356.933594, 1065.917969
-691.650391, -77.392578, 1776.855469
-,-,-
-338.134766, -572.509766, -1843.994141
-24.658203, -79.345703, 1103.027344
-49.560547, 76.660156, -62.255859
-266.845703, -147.216797, 1999.755859
-363.525391, -106.201172, 882.812500
-502.197266, -300.537109, 1842.773438
-,-,-
67.871094, -439.208984, 154.296875
2.929688, -251.708984, -658.935547
203.613281, 44.433594, 1448.730469
-515.380859, -173.583984, 714.355469
-438.232422, -23.193359, 1558.593750
-646.728516, -127.685547, 1999.755859
-,-,-
-152.099609, -307.373047, -1424.072266
454.101562, -8.544922, 850.585938
-369.384766, -201.416016, 491.210938
-479.248047, -218.017578, 1432.617188
-708.251953, -258.056641, 1646.484375
-,-,-
-427.001953, -858.154297, 100.585938
-306.396484, -500.732422, -1197.509766
65.917969, -134.521484, 615.722656
-178.466797, -112.548828, 26.855469
-192.138672, -84.228516, 1106.445312
-811.767578, -432.373047, 1401.367188
-,-,-
-381.103516, -1078.857422, 225.097656
-529.541016, -717.041016, -1505.615234
215.820312, -143.310547, 413.085938
-121.337891, 21.972656, 239.257812
36.132812, -101.318359, 1017.578125
-468.994141, -343.505859, 1280.761719
-,-,-
-310.302734, -796.630859, -1640.869141
-301.025391, -694.580078, 346.679688
-35.888672, -278.564453, -931.396484
200.683594, -65.185547, 1286.621094
-237.548828, -139.892578, 770.996094
-,-,-
-13.427734, -855.224609, -425.537109
-308.349609, -636.474609, -825.927734
183.593750, -370.849609, -160.400391
91.796875, -231.689453, -275.146484
188.964844, 49.804688, 682.128906
-,-,-
-324.462891, -892.822266, -156.494141
-93.505859, -818.115234, -595.458984
-167.724609, -834.716797, -132.080078
-12.451172, -412.353516, -1042.724609
-58.837891, -320.556641, 655.761719
-55.419922, -245.849609, 143.554688
-188.720703, -219.482422, 1471.191406
-,-,-
-330.810547, -968.505859, -771.240234
-495.849609, -745.849609, -1281.982422
294.921875, -218.994141, 54.199219
-68.115234, -106.201172, 605.957031
90.820312, -112.060547, 722.656250
-452.880859, -620.849609, 1684.570312
-,-,-
-417.724609, -958.740234, -1177.490234
-572.021484, -863.037109, -406.005859
76.660156, -262.939453, -504.638672
316.894531, -224.853516, 1311.523438
-166.748047, -333.251953, 86.914062
9.277344, -326.904297, 1349.121094
-,-,-
-445.556641, -959.716797, -605.224609
-309.326172, -854.736328, -893.310547
-283.935547, -511.474609, -199.462891
459.472656, 232.421875, -318.115234
303.710938, 287.109375, 1638.183594
-227.294922, 234.375000, 800.292969
-,-,-
-454.833984, -976.806641, -312.255859
-400.634766, -880.615234, -769.287109
170.898438, -415.283203, -416.259766
51.269531, 121.582031, -110.107422
-71.044922, -95.947266, 962.402344
-248.291016, 25.390625, 818.847656
-233.642578, -197.021484, 1999.755859
-,-,-
-348.388672, -1090.087891, 115.234375
-428.466797, -960.693359, -483.642578
-103.759766, -340.087891, -961.181641
480.957031, -104.736328, 666.992188
189.941406, 176.757812, -63.720703
-133.056641, 18.066406, 1642.089844
-468.505859, -132.568359, 1469.726562
-,-,-
-399.658203, -917.724609, -1125.244141
-186.279297, -787.841797, 458.007812
-450.927734, -765.380859, -32.470703
439.941406, -245.849609, 108.398438
-116.943359, -143.310547, 575.683594
35.156250, 235.839844, -128.173828
-384.521484, 82.031250, 1548.339844
-,-,-
-246.826172, -682.861328, -659.423828
-33.935547, -10.498047, -516.845703
307.128906, -123.779297, 1115.234375
-248.291016, -20.263672, 788.085938
-262.451172, -72.021484, 1653.320312
-,-,-
-462.646484, -938.720703, -145.263672
-302.001953, -766.357422, -1058.349609
-207.275391, -475.830078, 253.417969
-39.306641, -68.115234, -80.810547
7.324219, -69.091797, 1163.085938
-430.908203, -338.134766, 1610.839844
-,-,-
-365.478516, -828.857422, -910.888672
-323.974609, -601.318359, -691.162109
10.253906, -66.162109, -682.373047
-154.541016, 335.449219, 439.453125
-250.244141, -168.701172, 1820.312500
-572.021484, -144.287109, 1427.734375
-,-,-
-38.818359, -432.861328, 70.312500
-735.595703, -228.271484, -852.294922
-122.314453, -184.814453, 1682.617188
-365.966797, -222.900391, 832.519531
-89.111328, -90.576172, 1579.589844
-,-,-
-349.365234, -770.751953, -1555.908203
32.714844, -426.513672, 96.191406
-95.947266, -336.181641, -201.904297
209.472656, 108.398438, 263.183594
-241.455078, -39.306641, 1106.445312
-495.361328, -72.021484, 1187.988281
-,-,-
-572.021484, -956.787109, -1712.158203
283.691406, -406.982422, 625.976562
-114.501953, -339.111328, -77.392578
378.417969, -28.076172, 776.367188
59.570312, -254.638672, 1434.570312
-,-,-
-289.794922, -744.873047, 56.152344
-123.779297, -484.130859, -1094.970703
103.027344, -260.009766, 699.707031
-279.052734, -113.525391, 264.160156
-104.736328, 180.175781, 1120.117188
-315.673828, 58.105469, 1999.755859
-,-,-
-490.966797, -833.251953, -620.361328
-295.166016, -498.779297, -1581.298828
-24.658203, -318.603516, 352.050781
67.871094, 33.203125, -115.966797
-68.115234, -82.763672, 1350.097656
-281.005859, -97.900391, 1133.789062
-,-,-
-474.365234, -1024.658203, -79.833984
-281.005859, -776.611328, -896.728516
-122.314453, -485.107422, -344.482422
30.273438, -301.513672, -80.810547
2.441406, 109.375000, 229.492188
-160.888672, -147.216797, 1655.273438
-412.841797, -248.779297, 1506.835938
-,-,-
-571.533203, -1022.216797, -21.728516
-520.751953, -884.521484, -1320.068359
11.718750, -502.685547, 33.691406
65.917969, -93.994141, -156.005859
-40.283203, 92.773438, 570.312500
-112.548828, -228.271484, 1688.476562
-,-,-
-348.388672, -791.259766, -1229.736328
-73.974609, -663.818359, 291.015625
12.695312, -236.572266, -640.380859
294.433594, -268.310547, 992.675781
-807.373047, -576.416016, 1191.894531
-305.419922, -177.978516, 817.382812
-,-,-
-374.755859, -737.548828, -983.154297
-34.423828, -737.060547, -227.783203
-277.099609, -496.337891, -227.783203
-33.447266, -28.076172, -49.560547
-489.990234, -324.462891, 1483.886719
-445.556641, -268.310547, 956.054688
-589.111328, -173.583984, 1758.789062
-,-,-
-218.017578, -876.220703, -400.146484
-221.923828, -638.916016, -1085.693359
187.500000, 12.695312, -254.150391
-62.744141, -87.158203, 1148.437500
-439.208984, -96.923828, 954.101562
-237.060547, -125.732422, 1999.755859
-,-,-
-365.478516, -970.947266, -887.451172
-283.447266, -723.388672, -88.623047
-123.291016, -374.755859, -495.849609
241.699219, -55.419922, 679.199219
-228.271484, -290.771484, 544.433594
-216.064453, -213.623047, 1062.011719
-478.271484, -143.310547, 1491.210938
-,-,-
-249.267578, -1071.533203, -861.083984
-495.849609, -864.013672, -82.763672
-104.736328, -400.634766, -732.666016
-82.275391, -334.716797, 651.367188
-235.107422, -366.943359, 417.480469
-151.123047, -200.439453, 1319.824219
-,-,-
-40.771484, -556.884766, -41.748047
-12.451172, -112.060547, -424.072266
-1.220703, -156.494141, 1192.871094
-191.650391, 60.058594, 564.453125
-234.619141, 9.765625, 1678.710938
-355.224609, -151.123047, 1999.755859
-,-,-
-307.373047, -606.201172, -1405.029297
403.808594, -199.951172, 398.437500
-322.021484, -311.767578, 116.699219
-127.685547, 14.648438, 843.261719
-121.337891, -250.732422, 1851.562500
-,-,-
-288.330078, -630.615234, -499.755859
203.125000, -41.259766, -113.037109
-88.623047, -123.779297, 880.859375
-127.685547, -154.541016, 1004.394531
-131.103516, -161.376953, 1883.789062
-,-,-
-238.037109, -757.080078, -313.720703
-68.603516, -533.935547, -193.115234
-246.337891, -665.771484, 376.464844
-78.369141, -161.376953, 245.605469
-146.728516, -272.216797, 1505.859375
-413.330078, -350.341797, 1108.398438
-,-,-
-185.791016, -780.029297, -114.013672
-111.083984, -485.107422, -342.529297
188.964844, 97.656250, 148.437500
-404.052734, -336.181641, 1187.500000
-442.138672, -243.896484, 1125.488281
-810.791016, -122.802734, 1595.703125
-,-,-
-207.275391, -958.740234, -221.435547
-223.876953, -835.693359, -480.224609
-379.150391, -334.228516, -1095.947266
326.171875, 230.468750, 599.609375
-224.365234, -205.810547, 969.726562
-,-,-
-237.548828, -906.005859, -666.748047
-296.142578, -831.298828, -16.357422
-64.697266, -340.087891, -356.689453
217.285156, 150.390625, -9.033203
-238.525391, -208.740234, 1408.691406
-395.751953, -104.248047, 830.566406
-,-,-
-364.990234, -1009.033203, -894.775391
-150.634766, -747.802734, -36.376953
-27.099609, -382.568359, -597.412109
-72.021484, -244.873047, 520.996094
-166.748047, -319.091797, 598.632812
-190.673828, -255.615234, 1338.867188
-,-,-
-142.333984, -738.525391, 236.328125
-42.236328, -218.017578, -825.927734
-67.626953, 127.929688, 688.964844
-203.857422, -431.396484, 1479.980469
-,-,-
-306.396484, -758.056641, -194.580078
22.949219, -633.056641, -301.513672
-81.787109, -514.892578, 123.535156
-33.447266, 20.019531, -52.490234
-65.185547, -101.806641, 1225.097656
-,-,-
-243.896484, -922.607422, -1451.416016
-50.048828, -542.236328, 148.437500
10.253906, -217.041016, -69.580078
225.097656, -30.029297, 862.304688
-136.962891, -40.283203, 541.503906
-294.189453, -22.216797, 1785.156250
-,-,-
-110.595703, -739.013672, -1060.791016
240.722656, -525.146484, 346.679688
-124.755859, -425.048828, -111.083984
-456.298828, -331.787109, 588.378906
-272.216797, -188.232422, 1100.585938
-658.447266, -157.470703, 1498.046875
-,-,-
-79.833984, -254.638672, 245.117188
140.625000, -137.939453, 1513.183594
-416.259766, -6.591797, 1328.125000
10.742188, 62.988281, 1645.996094
-150.146484, 104.492188, 1262.695312
-296.630859, -38.818359, 1441.406250
-,-,-
-353.759766, -743.896484, -299.072266
282.714844, -229.248047, -139.892578
-274.658203, -470.458984, 645.019531
-141.357422, -205.322266, 585.937500
-319.580078, -130.615234, 1504.882812
-,-,-
-275.634766, -795.166016, -336.181641
-43.212891, -531.494141, -520.751953
-2.685547, -409.912109, 401.367188
-214.599609, -208.740234, 280.273438
-319.091797, -256.591797, 1326.660156
-324.951172, -324.951172, 1531.250000
-,-,-
-46.142578, -605.224609, 137.695312
-114.501953, -439.697266, -531.005859
-311.767578, -440.673828, 1080.078125
-465.087891, -312.255859, 740.722656
-612.548828, -151.123047, 1415.527344
-,-,-
-415.283203, -884.521484, -654.052734
-258.056641, -629.638672, -124.267578
8.300781, -189.697266, -84.716797
552.246094, 31.250000, 724.609375
-404.541016, -75.439453, 1413.574219
-122.314453, -58.837891, 1643.066406
-,-,-
-410.888672, -853.759766, -660.888672
-372.314453, -822.998047, -273.193359
-142.822266, -339.111328, -1123.779297
111.328125, -48.583984, 646.972656
-96.923828, -4.638672, 236.328125
-84.716797, 83.984375, 1443.847656
-,-,-
-509.033203, -969.970703, -476.318359
-402.099609, -764.404297, -657.958984
-114.013672, -482.177734, -448.486328
245.117188, 166.992188, -342.529297
-364.013672, -35.888672, 1443.847656
-481.201172, -65.185547, 1123.046875
-,-,-
-558.349609, -885.498047, -1185.302734
-21.240234, -593.017578, -99.853516
43.457031, -160.400391, 42.968750
-153.564453, -89.599609, 1265.625000
-184.326172, -151.123047, 969.238281
-,-,-
-734.619141, -920.654297, 376.464844
-204.833984, -587.158203, -343.017578
551.269531, -351.318359, 1083.007812
-161.865234, -390.380859, 578.613281
25.878906, -290.771484, 1105.468750
-164.306641, -321.044922, 1458.984375
-,-,-
-203.857422, -446.044922, 154.296875
-8.056641, -242.919922, -482.666016
240.722656, 15.136719, 1221.679688
-481.201172, -364.013672, 943.359375
-376.708984, 4.882812, 1256.835938
-108.154297, -22.216797, 1999.755859
-,-,-
-396.728516, -917.724609, -478.271484
-100.341797, -347.412109, -561.279297
139.648438, -37.841797, 105.957031
-137.939453, -139.892578, 1049.804688
-187.744141, -110.107422, 1321.777344
-,-,-
-183.837891, -558.837891, 358.886719
-232.666016, -310.302734, -330.322266
-250.244141, -414.306641, 1227.539062
-446.044922, -268.310547, 746.582031
-497.802734, -321.533203, 1724.609375
-,-,-
-238.037109, -814.697266, -547.119141
-182.861328, -509.521484, -550.048828
-173.583984, -581.787109, 432.617188
-210.693359, -419.189453, 278.320312
-,-,-
-145.751953, -379.150391, 373.046875
10.742188, -277.099609, 1666.503906
60.058594, -161.865234, 1215.332031
184.570312, 90.820312, 1403.320312
104.980469, 78.613281, 1406.250000
77.636719, -129.638672, 1705.566406
-,-,-
-655.517578, -989.501953, -738.525391
264.160156, -224.365234, 668.945312
296.386719, -225.341797, 292.968750
-93.994141, -239.013672, 1221.191406
-131.591797, -314.208984, 1099.609375
-337.158203, -120.849609, 1458.984375
-,-,-
-418.701172, -842.529297, 6.835938
-238.037109, -598.876953, -1031.494141
234.863281, -213.623047, 789.062500
68.847656, -87.158203, -38.818359
-376.220703, -169.677734, 1593.750000
-579.345703, -140.869141, 1214.843750
-353.271484, -48.583984, 1999.755859
-,-,-
-18.310547, -353.759766, -248.779297
-128.173828, -212.646484, 1556.640625
-83.740234, -140.869141, 1330.078125
-80.322266, -35.888672, 1905.273438
138.671875, -16.357422, 1578.613281
-,-,-
-621.826172, -1022.216797, -1287.353516
273.437500, 21.484375, 583.496094
-223.876953, -163.818359, -182.373047
-208.251953, -7.568359, 1369.140625
-447.509766, -162.353516, 1686.523438
-373.779297, 45.410156, 1999.755859
-,-,-
-712.646484, -965.576172, -318.603516
-98.388672, -548.583984, -1119.873047
116.210938, -38.330078, 666.015625
-187.255859, -115.478516, 34.667969
-392.822266, -168.701172, 1680.664062
-686.279297, -166.748047, 1624.023438
-,-,-
-236.083984, -1004.638672, -357.177734
-381.103516, -783.935547, -179.443359
-450.439453, -565.673828, -1093.994141
461.914062, 644.531250, 20.996094
566.894531, 411.621094, 771.972656
-,-,-
-377.685547, -735.595703, 437.500000
-524.658203, -750.732422, -1032.470703
468.750000, -50.537109, 1386.230469
-143.310547, -361.572266, 0.488281
15.136719, 69.335938, 970.214844
115.722656, -261.474609, 1877.929688
-,-,-
-556.396484, -709.228516, -672.119141
-52.001953, -288.818359, -114.990234
-97.412109, -453.857422, 310.546875
9.277344, -127.685547, 509.277344
-100.341797, -331.787109, 1514.160156
-,-,-
-375.732422, -740.966797, -269.775391
-139.404297, -517.822266, -669.189453
50.292969, -360.107422, 926.269531
-283.447266, -349.365234, 169.921875
-241.943359, -195.068359, 1460.937500
-342.041016, -374.267578, 1596.679688
-,-,-
-324.462891, -707.763672, -82.763672
-182.861328, -476.806641, -1252.197266
130.859375, -151.123047, 1062.988281
-231.689453, -107.177734, 37.109375
-218.994141, 30.273438, 1344.238281
-518.798828, -203.857422, 1762.695312
-,-,-
-189.208984, -619.873047, -1575.439453
165.527344, -273.193359, 658.203125
-15.380859, -301.025391, 152.343750
-165.283203, -239.501953, 1829.101562
-419.677734, -5.615234, 1111.328125
-,-,-
-271.728516, -875.244141, -377.685547
-155.517578, -248.779297, 325.683594
150.390625, 142.089844, 303.710938
57.128906, -156.005859, 1273.925781
-372.314453, 79.101562, 1265.625000
-,-,-
-356.201172, -447.021484, -750.732422
162.109375, -49.560547, 1881.835938
-414.306641, -169.677734, 867.675781
-155.517578, -123.779297, 1786.132812
-73.486328, 188.476562, 1443.847656
-188.720703, 83.984375, 1468.750000
-,-,-
-638.427734, -985.107422, -1193.603516
18.066406, -362.060547, 121.582031
201.171875, -10.498047, -306.396484
-103.759766, 66.406250, 1030.761719
-436.279297, -244.873047, 725.585938
-572.998047, -32.958984, 1319.824219
-408.935547, -126.708984, 1999.755859
-,-,-
-589.111328, -890.380859, -226.806641
-371.337891, -843.505859, -830.810547
-363.525391, -801.513672, -172.607422
-85.693359, -373.291016, -895.751953
7.812500, -90.576172, 1039.550781
-297.119141, -389.404297, 428.710938
-208.251953, -75.927734, 1195.800781
-296.630859, -207.763672, 1854.492188
-,-,-
-480.712891, -920.654297, -560.302734
-402.587891, -766.357422, -1193.603516
11.230469, -180.419922, -157.470703
-383.056641, -441.162109, -100.830078
100.585938, -7.568359, 386.230469
-286.376953, -95.458984, 1679.687500
-458.740234, -199.462891, 1550.781250
-,-,-
172.851562, -583.740234, 909.667969
-303.955078, -470.947266, -2.197266
12.695312, -510.498047, 1083.007812
-513.916016, -702.880859, 930.664062
-300.537109, -171.630859, 912.109375
-33.447266, -182.861328, 1568.359375
-,-,-
-490.478516, -807.373047, -1158.935547
185.546875, -364.013672, 226.074219
210.937500, -143.310547, 286.132812
56.152344, 229.492188, 884.765625
-333.740234, 53.710938, 1116.210938
-402.099609, -68.115234, 1999.755859
-537.353516, -72.998047, 1999.755859
-,-,-
-326.416016, -960.693359, -154.541016
-92.529297, -623.779297, -333.251953
373.535156, -86.669922, -309.326172
-59.814453, -123.779297, 825.195312
-115.966797, 88.867188, 792.968750
-281.005859, 35.156250, 1792.480469
-,-,-
-358.154297, -866.943359, -425.048828
-128.173828, -616.455078, -59.326172
-1.220703, -475.830078, 45.898438
-58.837891, -333.740234, 331.054688
-194.091797, -224.365234, 924.804688
-262.939453, -218.994141, 1067.382812
-,-,-
-513.916016, -847.412109, -1440.185547
-39.794922, -534.423828, 282.714844
-229.248047, -338.134766, -192.626953
-149.169922, -46.142578, 1326.171875
-157.958984, 156.250000, 1000.488281
-295.166016, 296.875000, 1906.738281
-,-,-
-440.673828, -926.513672, -264.892578
-527.587891, -801.025391, -886.474609
-166.748047, -436.767578, 572.753906
74.218750, -301.513672, 105.468750
-68.603516, -96.923828, 1355.468750
-153.564453, -150.146484, 954.101562
-23.193359, 29.296875, 1807.128906
-,-,-
-352.783203, -1082.763672, -103.759766
-150.634766, -781.494141, -333.740234
28.808594, -515.869141, -496.826172
-35.888672, -399.169922, 281.738281
-19.775391, -263.427734, 306.640625
-265.869141, -198.486328, 1189.941406
-210.205078, -251.708984, 1408.203125
-,-,-
-357.177734, -738.037109, -853.271484
155.273438, -350.830078, 476.074219
-395.263672, -277.587891, 240.234375
-251.708984, 10.742188, 1707.519531
-,-,-
-238.037109, -800.537109, -335.205078
-106.201172, -642.333984, 208.007812
12.695312, -370.849609, -10.498047
-115.966797, -221.923828, 869.628906
-196.044922, -228.271484, 1070.312500
-,-,-
-393.310547, -975.830078, 248.046875
-271.240234, -763.916016, -672.607422
-60.791016, -582.763672, 14.648438
-145.751953, -554.931641, -125.732422
-122.314453, -218.505859, 397.460938
-88.134766, -127.685547, 1010.253906
-,-,-
-376.708984, -894.775391, -1028.076172
-264.892578, -758.544922, 38.085938
-271.240234, -678.466797, -436.279297
117.675781, -273.681641, 123.535156
-86.669922, -265.380859, 892.578125
-210.205078, -241.943359, 1042.968750
-,-,-
-403.076172, -1081.787109, -371.826172
-297.607422, -841.552734, 321.777344
-324.951172, -658.447266, -130.126953
35.644531, -562.255859, 571.777344
-50.048828, -594.970703, 504.882812
-103.759766, -227.294922, 956.542969
-121.826172, -149.169922, 1247.070312
-,-,-
-409.912109, -1105.224609, -802.978516
-193.115234, -474.853516, 408.203125
-53.466797, -367.919922, -167.236328
11.718750, -74.951172, 1039.062500
-205.810547, -210.693359, 1078.125000
-362.060547, -1.220703, 1569.335938
-,-,-
-319.580078, -1042.724609, -163.330078
-346.435547, -849.365234, -88.623047
-106.201172, -583.740234, -270.263672
-159.912109, -555.908203, 441.406250
-177.490234, -436.767578, 227.050781
-69.580078, -236.572266, 1028.808594
-,-,-
-2.685547, -480.224609, 73.242188
-79.345703, -452.880859, 929.199219
-248.779297, -549.560547, 924.804688
-175.537109, -215.576172, 1081.054688
-107.177734, -145.263672, 1383.300781
-,-,-
-235.107422, -757.568359, -171.142578
-131.103516, -746.826172, -964.111328
-67.626953, -330.810547, 393.554688
-18.798828, -159.423828, 395.507812
19.531250, -128.662109, 1034.179688
-445.068359, -131.591797, 1516.601562
-,-,-
-374.755859, -1031.494141, -623.779297
-285.888672, -799.072266, 464.843750
-194.091797, -701.904297, -789.794922
182.128906, -235.595703, 243.652344
-258.056641, -311.279297, 621.093750
-156.982422, -300.048828, 909.179688
-,-,-
-93.505859, -983.642578, -127.685547
-184.326172, -654.541016, -261.962891
-18.310547, -328.857422, -495.849609
-268.798828, -191.162109, 847.656250
-359.130859, -227.294922, 315.429688
-,-,-
-215.087891, -1009.033203, -621.826172
213.378906, -298.095703, 668.945312
-40.771484, -289.794922, 238.281250
-218.505859, -92.529297, 934.082031
-370.361328, -54.443359, 1376.953125
-99.853516, 64.453125, 1971.679688
-,-,-
-205.322266, -833.251953, -33.447266
-133.544922, -704.833984, -494.873047
96.191406, -317.626953, -4.150391
-68.603516, -290.283203, 690.429688
-160.400391, -177.978516, 555.175781
-276.611328, -124.755859, 1625.976562
-,-,-
-245.849609, -1059.814453, -416.259766
-203.857422, -815.673828, 146.484375
-52.001953, -575.439453, -389.892578
-182.861328, -505.615234, 343.750000
-203.857422, -453.857422, 461.914062
-221.435547, -247.802734, 700.683594
-,-,-
-269.287109, -818.115234, -589.599609
-245.849609, -756.103516, 8.789062
-238.525391, -681.396484, -171.142578
-160.888672, -289.794922, 167.968750
-8.056641, -163.330078, 1169.921875
-101.318359, -207.763672, 1241.210938
-,-,-
-180.419922, -1233.642578, -422.119141
-147.705078, -798.583984, 16.601562
-1.708984, -706.787109, -551.025391
114.746094, -415.771484, -130.126953
67.382812, -103.759766, -248.779297
36.132812, 23.925781, 1207.031250
-337.158203, -178.955078, 1125.488281
-474.853516, 201.171875, 1999.755859
-,-,-
-289.794922, -1052.978516, -136.474609
-216.064453, -871.826172, -373.779297
-25.634766, -582.763672, -146.240234
60.546875, -466.552734, 12.695312
-232.666016, -474.853516, 393.554688
-32.958984, -445.068359, 1043.945312
-,-,-
-308.837891, -855.224609, -484.619141
-132.568359, -808.349609, -644.775391
10.742188, -397.216797, 124.511719
-168.701172, -373.779297, -10.498047
-262.451172, -339.599609, 931.152344
-239.990234, -271.240234, 960.449219
-204.833984, 11.718750, 1540.039062
-,-,-
-250.244141, -971.923828, -506.591797
-156.494141, -553.955078, -479.248047
297.851562, -100.341797, 52.734375
-106.689453, -207.763672, 618.164062
-69.580078, -199.462891, 1056.152344
-,-,-
-266.845703, -925.537109, -189.208984
-178.466797, -664.794922, -894.287109
76.171875, -346.435547, -103.759766
-148.681641, -368.896484, 55.664062
-193.115234, -146.240234, 638.183594
-,-,-
-63.232422, -709.228516, -728.271484
202.148438, -48.095703, 290.527344
226.074219, -31.982422, 323.730469
-108.154297, 118.652344, 1050.781250
-170.654297, 137.207031, 1493.164062
-,-,-
-343.505859, -957.763672, -578.369141
-291.748047, -537.353516, -767.333984
-65.185547, 54.687500, -26.611328
31.250000, -22.705078, 1036.132812
-172.607422, -179.443359, 1372.070312
-,-,-
-336.181641, -999.755859, -637.451172
-484.619141, -669.677734, -563.232422
451.171875, -11.474609, -131.103516
-166.748047, -56.884766, 733.886719
-111.083984, 82.031250, 843.261719
-,-,-
-383.056641, -1074.462891, -169.189453
-570.068359, -794.189453, -1184.326172
154.785156, -282.958984, 150.390625
-358.154297, -243.896484, 88.378906
-60.791016, 10.742188, 832.519531
-,-,-
-459.716797, -960.693359, -1187.255859
-603.759766, -788.818359, 660.156250
-355.712891, -795.166016, -716.064453
-82.275391, -333.251953, -31.494141
-134.521484, -309.326172, 394.531250
-,-,-
-217.041016, -1167.724609, 318.847656
-488.037109, -734.619141, -784.912109
372.070312, 113.281250, -196.533203
-38.818359, -42.724609, 822.265625
-121.337891, 32.226562, 853.515625
-,-,-
-374.755859, -1309.814453, -398.681641
-80.810547, -546.630859, -768.310547
379.394531, 215.820312, 250.976562
-131.591797, -58.837891, 1110.351562
-48.583984, 24.902344, 978.515625
-,-,-
-517.333984, -1149.169922, -621.826172
-76.904297, -672.119141, 62.011719
-11.474609, -444.091797, -273.193359
169.921875, -35.888672, 521.972656
-50.537109, -109.130859, 876.464844
-266.845703, -72.998047, 923.828125
-,-,-
-321.533203, -877.197266, -118.896484
-153.564453, -750.732422, -1076.416016
-138.916016, -232.177734, 714.355469
32.226562, -55.419922, 113.281250
-69.580078, 82.519531, 1283.691406
-251.708984, -146.240234, 1514.160156
-,-,-
-454.833984, -911.865234, -267.333984
-125.732422, -589.111328, -614.501953
428.222656, -41.259766, 368.164062
60.058594, -135.498047, 375.000000
-150.146484, -62.744141, 1241.210938
-,-,-
-285.888672, -979.736328, -215.576172
-145.751953, -731.201172, -1156.005859
193.359375, 167.968750, 816.406250
-310.791016, 11.718750, -4.638672
-401.611328, 8.789062, 1395.996094
-415.283203, -104.248047, 1999.755859
-825.927734, 102.539062, 1763.671875
-,-,-
-277.587891, -1001.708984, -134.521484
127.441406, -351.806641, -1015.380859
501.464844, 780.761719, 803.222656
-451.904297, -47.607422, 1102.539062
-533.447266, 106.445312, 1999.755859
-279.052734, 336.425781, 1999.755859
-,-,-
-295.166016, -812.255859, -647.705078
21.484375, -489.501953, 477.050781
-210.205078, -485.107422, -457.275391
46.875000, 158.203125, 1380.371094
-249.267578, -83.251953, 1516.601562
-352.783203, 191.406250, 1700.195312
-78.369141, 127.929688, 1999.755859
-,-,-
189.941406, -30.029297, 16.601562
187.011719, 386.718750, -24.658203
-156.005859, 316.894531, 1485.351562
-225.341797, -49.560547, 1662.109375
-598.876953, -189.208984, 1999.755859
-336.181641, 167.968750, 1756.835938
-,-,-
-212.646484, -812.744141, 465.820312
-186.767578, -673.095703, -138.427734
-4.150391, -564.697266, 646.972656
-128.173828, -540.283203, 343.750000
-52.978516, -232.666016, 545.410156
-35.888672, -161.376953, 1204.101562
-,-,-
-140.380859, -867.919922, -1261.962891
125.000000, -229.248047, -321.533203
140.625000, -182.373047, -286.865234
162.597656, 47.851562, 789.062500
-513.427734, -111.083984, 1631.835938
-,-,-
-372.314453, -1262.451172, -1253.173828
1.464844, -521.728516, -649.169922
420.898438, -130.615234, 143.554688
-389.892578, -130.615234, 331.542969
-163.818359, 340.332031, 161.621094
-250.244141, 424.804688, 1387.207031
-,-,-
-131.591797, -1119.873047, -354.736328
-179.443359, -720.458984, -1697.021484
42.480469, -132.568359, 258.300781
-425.537109, -338.134766, 327.636719
-261.962891, 178.710938, 562.500000
-,-,-
-194.091797, -1041.259766, -1393.310547
19.531250, -521.240234, -837.158203
-202.880859, -379.150391, -42.724609
-450.927734, -117.431641, 937.500000
-286.865234, 224.609375, 1083.007812
-,-,-
-249.267578, -906.982422, -295.166016
-14.892578, -525.146484, -215.576172
280.273438, 115.722656, -178.466797
143.554688, 132.324219, 285.644531
-425.048828, -355.712891, 1211.914062
-599.853516, -134.521484, 1658.203125
-434.814453, -213.623047, 1999.755859
-,-,-
-236.083984, -835.205078, -162.353516
93.750000, -270.263672, -588.134766
156.250000, 66.406250, 1035.644531
-273.681641, -51.513672, 634.277344
48.339844, 33.691406, 1341.796875
-199.462891, -322.998047, 1709.960938
-,-,-
-394.287109, -1259.521484, -794.677734
10.742188, -500.732422, -315.673828
678.710938, 256.347656, 243.652344
-73.974609, 60.058594, 1022.460938
-147.216797, 50.781250, 1165.527344
-194.091797, -206.787109, 1999.755859
-,-,-
-256.103516, -985.107422, -362.060547
-324.951172, -838.623047, -627.685547
102.050781, -186.279297, 368.164062
51.269531, -149.169922, 262.695312
-152.099609, -213.623047, 744.140625
-359.130859, -279.541016, 1501.953125
-,-,-
-326.904297, -952.392578, -827.392578
-123.779297, -603.271484, -674.072266
12.207031, -184.326172, -289.794922
-96.435547, -116.455078, 978.515625
-193.115234, -223.388672, 1181.640625
-,-,-
-78.369141, -790.771484, -704.345703
145.996094, -187.255859, -990.966797
267.089844, 52.734375, 651.367188
-263.916016, 68.359375, 481.933594
-264.404297, -225.341797, 1293.945312
-,-,-
-453.857422, -1017.333984, -923.583984
-230.224609, -638.427734, 19.531250
334.960938, 82.519531, -549.072266
-37.841797, 109.375000, 970.214844
-132.568359, -254.638672, 1331.054688
