-,-,-
102.050781, -911.376953, 136.718750
200.195312, -996.337891, 203.125000
152.832031, -977.294922, 209.960938
139.648438, -970.458984, 296.875000
126.464844, -993.408203, 313.476562
-19.775391, -917.724609, 124.023438
129.394531, -793.212891, -69.580078
57.617188, -742.919922, -587.158203
184.082031, -675.537109, -606.201172
177.734375, -541.259766, -683.349609
404.296875, -609.130859, -994.384766
321.777344, -690.185547, -1143.310547
152.832031, -598.388672, -1175.537109
-,-,-
151.855469, -887.451172, 283.691406
86.425781, -923.583984, 354.980469
127.441406, -930.419922, 554.687500
54.199219, -845.458984, 536.132812
17.089844, -823.974609, 378.417969
187.500000, -795.166016, 111.328125
-160.888672, -565.185547, -619.873047
350.097656, -645.263672, -683.349609
63.476562, -530.517578, -978.271484
585.937500, -692.138672, -1131.103516
481.933594, -794.189453, -1156.982422
348.144531, -668.701172, -1045.654297
-,-,-
110.351562, -898.193359, 188.964844
146.484375, -954.833984, 486.816406
127.441406, -930.419922, 481.933594
27.343750, -784.912109, 703.125000
19.531250, -644.287109, 232.421875
-66.650391, -605.224609, -241.943359
70.312500, -555.908203, -614.990234
141.601562, -522.216797, -924.560547
547.851562, -782.958984, -1312.255859
370.605469, -757.080078, -1222.900391
220.703125, -539.306641, -1129.150391
-,-,-
33.691406, -887.451172, 291.992188
111.816406, -789.794922, 536.132812
-99.365234, -683.349609, 555.664062
138.671875, -711.181641, 92.285156
-78.369141, -665.771484, -304.443359
145.019531, -549.560547, -721.435547
130.859375, -743.896484, -929.443359
574.218750, -850.341797, -1252.685547
375.000000, -724.365234, -1239.990234
83.496094, -680.419922, -1075.927734
-,-,-
132.812500, -906.005859, 448.242188
25.390625, -794.189453, 303.710938
-126.220703, -667.724609, 418.457031
67.871094, -733.642578, 103.027344
37.597656, -654.052734, -224.853516
115.722656, -525.146484, -842.041016
319.824219, -749.755859, -1038.330078
292.968750, -723.388672, -1281.982422
362.304688, -759.521484, -1166.748047
-,-,-
98.632812, -785.888672, 397.460938
-163.330078, -624.755859, 394.531250
-40.283203, -692.626953, 364.257812
61.035156, -587.158203, -196.533203
47.363281, -658.935547, -659.912109
352.050781, -831.298828, -919.677734
50.781250, -583.740234, -1191.650391
280.273438, -730.712891, -1376.708984
304.199219, -707.275391, -1202.880859
-,-,-
66.406250, -830.322266, 383.300781
-200.927734, -598.388672, 546.386719
21.484375, -673.095703, 253.417969
29.296875, -575.439453, -248.779297
145.019531, -554.443359, -608.642578
342.773438, -739.501953, -1269.287109
366.210938, -787.353516, -1179.443359
223.632812, -781.982422, -1350.341797
426.269531, -808.349609, -1244.873047
-,-,-
99.609375, -916.748047, 438.476562
-152.099609, -645.263672, 302.734375
-226.318359, -566.162109, 566.406250
-129.638672, -463.134766, -205.322266
24.902344, -573.486328, -578.369141
540.039062, -754.638672, -1205.810547
211.425781, -706.787109, -1379.638672
211.914062, -752.197266, -1340.576172
-,-,-
-73.974609, -823.974609, 279.296875
-168.701172, -771.240234, 398.437500
-132.568359, -687.255859, -9.521484
-90.087891, -511.474609, -193.115234
191.406250, -442.626953, -746.337891
712.402344, -748.779297, -1226.806641
422.363281, -749.755859, -1261.474609
-,-,-
94.238281, -933.837891, 187.011719
111.328125, -930.419922, 323.730469
2.441406, -940.673828, 161.132812
237.304688, -933.837891, 51.757812
18.554688, -782.958984, -162.353516
-36.865234, -695.556641, -446.044922
309.082031, -817.626953, -792.724609
115.722656, -675.537109, -916.748047
-,-,-
154.296875, -926.513672, 383.300781
64.453125, -866.943359, 460.937500
-13.427734, -756.103516, 456.054688
-30.517578, -721.435547, 347.167969
1.953125, -596.923828, -147.216797
59.082031, -785.888672, -596.435547
42.480469, -665.771484, -733.154297
209.960938, -739.013672, -1093.994141
-,-,-
20.507812, -844.970703, 549.804688
-90.576172, -753.662109, 708.496094
-84.716797, -687.255859, 426.757812
10.253906, -618.408203, 50.781250
67.382812, -689.208984, -491.943359
155.273438, -855.712891, -798.583984
-19.775391, -676.025391, -792.724609
348.632812, -886.474609, -1421.630859
-,-,-
11.718750, -893.798828, 298.828125
145.019531, -950.439453, 573.730469
-130.615234, -687.255859, 156.250000
-116.943359, -676.513672, 40.039062
-202.880859, -552.490234, -164.306641
108.398438, -681.396484, -729.248047
192.382812, -725.341797, -1054.443359
391.601562, -706.787109, -1234.130859
360.839844, -799.560547, -1326.904297
-,-,-
56.640625, -920.654297, 334.960938
80.566406, -770.751953, 756.835938
-248.779297, -523.193359, 100.097656
18.066406, -664.794922, -166.259766
-180.419922, -456.787109, -620.849609
226.074219, -672.119141, -979.248047
78.613281, -610.107422, -1230.712891
605.468750, -749.755859, -1398.193359
-,-,-
122.558594, -948.974609, 300.781250
172.851562, -874.267578, 565.429688
-284.423828, -520.263672, 219.238281
-31.982422, -713.134766, 189.941406
-196.044922, -321.044922, -377.685547
20.507812, -650.146484, -875.244141
-33.935547, -487.060547, -849.365234
49.316406, -379.638672, -1299.072266
247.558594, -644.287109, -1572.998047
-,-,-
-52.001953, -764.404297, 373.046875
-173.095703, -722.412109, 310.546875
517.089844, -910.888672, -268.310547
-27.587891, -620.361328, -263.427734
338.378906, -650.634766, -833.251953
196.777344, -693.603516, -955.810547
214.355469, -549.560547, -882.568359
316.894531, -666.748047, -1473.388672
167.968750, -613.525391, -1251.220703
-,-,-
210.449219, -941.162109, 509.277344
-191.650391, -611.572266, 252.929688
-366.943359, -503.662109, -111.083984
45.898438, -565.185547, -682.861328
46.875000, -619.873047, -997.802734
11.230469, -709.228516, -992.431641
168.945312, -696.044922, -1198.974609
-,-,-
55.664062, -909.912109, 399.414062
79.101562, -913.330078, 349.609375
-209.228516, -702.880859, 199.218750
-131.591797, -627.685547, 58.105469
-128.173828, -557.861328, -274.169922
304.199219, -620.849609, -863.525391
-90.576172, -640.380859, -987.060547
424.316406, -728.271484, -1394.775391
-,-,-
246.093750, -976.806641, 548.339844
-110.595703, -764.404297, 297.851562
-68.115234, -804.443359, 329.101562
-211.669922, -524.169922, 54.687500
-124.755859, -555.908203, -484.619141
-31.982422, -661.376953, -822.998047
152.343750, -607.177734, -839.111328
260.742188, -709.228516, -1346.435547
406.738281, -875.244141, -1364.990234
-,-,-
104.980469, -878.173828, 479.003906
19.531250, -768.310547, 363.281250
-114.501953, -716.064453, 128.417969
-362.548828, -492.431641, -123.779297
24.902344, -652.587891, -691.162109
-40.283203, -612.548828, -766.357422
-66.650391, -516.357422, -852.294922
428.710938, -770.263672, -1451.416016
-,-,-
140.136719, -965.087891, 479.980469
-150.146484, -787.841797, 155.761719
-64.208984, -840.576172, 321.777344
-31.005859, -765.380859, 246.093750
-110.595703, -565.185547, -236.572266
-3.662109, -670.166016, -554.931641
-215.087891, -427.490234, -769.287109
234.863281, -740.966797, -1305.419922
11.718750, -670.654297, -1372.802734
2.441406, -672.607422, -1239.013672
-,-,-
12.695312, -963.623047, 332.031250
-3.662109, -895.751953, 464.843750
-193.603516, -785.888672, 329.101562
-98.388672, -720.458984, 65.917969
-158.447266, -489.990234, -338.623047
33.691406, -623.779297, -790.771484
132.812500, -691.162109, -900.146484
269.531250, -751.708984, -1188.720703
-,-,-
69.824219, -896.728516, 387.207031
96.679688, -910.400391, 361.328125
26.367188, -799.560547, 397.460938
-95.947266, -731.201172, 345.703125
-142.333984, -635.986328, 125.488281
-91.552734, -565.185547, -326.904297
-17.822266, -608.154297, -836.669922
216.308594, -621.826172, -1114.013672
246.093750, -793.212891, -1323.486328
-,-,-
164.550781, -947.998047, 339.843750
15.136719, -887.451172, 394.531250
-232.177734, -715.576172, 408.203125
-156.005859, -535.400391, 21.484375
-312.744141, -325.927734, -352.294922
201.660156, -611.572266, -772.705078
71.777344, -536.376953, -1017.333984
252.929688, -519.287109, -1364.990234
-,-,-
186.523438, -928.466797, 445.312500
-150.634766, -746.826172, 297.851562
-206.298828, -731.689453, 306.640625
-117.919922, -553.466797, -147.216797
-126.708984, -636.962891, -514.892578
93.750000, -583.740234, -659.912109
-88.623047, -419.189453, -899.169922
411.132812, -793.212891, -1442.138672
38.085938, -654.541016, -1270.263672
-,-,-
78.125000, -852.783203, 478.515625
154.785156, -889.404297, 557.617188
-17.822266, -831.298828, 368.164062
-101.318359, -694.580078, 166.503906
-106.201172, -576.416016, -75.927734
65.429688, -669.677734, -506.591797
-74.951172, -683.349609, -671.630859
88.378906, -544.677734, -967.041016
302.246094, -757.080078, -1267.333984
-,-,-
5.859375, -921.630859, 405.273438
-13.916016, -842.529297, 418.457031
-107.666016, -770.751953, 415.527344
47.851562, -835.693359, 304.687500
-160.888672, -542.236328, 87.890625
239.746094, -783.935547, -641.845703
-97.900391, -729.248047, -857.177734
129.882812, -630.615234, -796.630859
333.007812, -783.935547, -1199.951172
-,-,-
-27.587891, -821.044922, 312.500000
-156.494141, -808.349609, 503.906250
-314.208984, -692.138672, 457.031250
-42.236328, -698.974609, 121.582031
-289.794922, -508.544922, -210.693359
388.183594, -704.833984, -921.630859
35.156250, -777.587891, -883.544922
243.164062, -604.248047, -943.115234
440.917969, -849.853516, -1284.423828
-,-,-
-24.658203, -896.728516, 295.898438
0.488281, -905.029297, 427.734375
-73.974609, -812.255859, 400.390625
-114.990234, -784.912109, 359.863281
-97.900391, -717.529297, 209.960938
-101.806641, -550.537109, -265.380859
65.429688, -626.708984, -603.271484
-18.798828, -530.029297, -903.564453
286.621094, -658.447266, -1050.537109
243.652344, -692.626953, -1443.115234
318.359375, -702.392578, -1340.576172
113.769531, -691.650391, -1217.529297
-,-,-
-9.521484, -856.201172, 361.328125
-183.349609, -791.259766, 580.566406
-153.076172, -732.666016, 328.125000
-204.833984, -562.255859, 75.683594
-24.169922, -567.138672, -201.904297
10.742188, -626.708984, -737.548828
7.324219, -611.083984, -982.177734
240.722656, -641.357422, -1115.966797
209.472656, -723.388672, -1268.310547
-,-,-
-14.892578, -875.244141, 561.523438
-212.646484, -737.060547, 478.515625
-243.408203, -675.048828, 324.218750
-4.638672, -740.478516, 124.511719
-156.982422, -436.767578, -260.986328
261.230469, -773.681641, -836.181641
62.500000, -752.197266, -949.951172
10.742188, -604.248047, -1065.673828
356.933594, -693.603516, -1376.708984
176.757812, -795.166016, -1259.033203
-,-,-
-20.751953, -894.775391, 512.207031
-103.759766, -808.349609, 503.906250
-260.009766, -738.037109, 641.601562
-162.353516, -525.146484, 136.718750
-215.087891, -524.169922, -319.580078
-121.337891, -482.177734, -735.107422
99.609375, -642.333984, -854.248047
211.914062, -755.126953, -1338.623047
246.093750, -781.982422, -1298.095703
-,-,-
5.859375, -933.837891, 386.230469
0.488281, -901.123047, 542.968750
-131.103516, -783.935547, 561.523438
30.273438, -790.771484, 433.593750
-185.791016, -683.349609, -94.482422
-203.857422, -563.232422, -441.162109
-137.451172, -606.201172, -812.255859
71.289062, -642.333984, -1132.080078
44.433594, -655.029297, -1076.904297
103.027344, -667.724609, -1276.123047
-,-,-
-14.404297, -933.349609, 489.746094
-35.400391, -773.681641, 574.707031
-199.462891, -740.966797, 638.671875
-259.033203, -514.404297, 183.593750
-381.103516, -385.498047, -368.408203
88.378906, -549.560547, -764.404297
61.523438, -609.130859, -1062.255859
226.074219, -702.880859, -1255.126953
91.796875, -614.501953, -1258.056641
-,-,-
81.054688, -968.505859, 501.953125
-14.892578, -914.306641, 556.640625
-255.615234, -785.888672, 384.277344
-41.748047, -700.927734, -78.857422
-568.603516, -412.841797, -523.193359
104.980469, -512.451172, -836.181641
52.246094, -673.095703, -989.013672
171.875000, -603.271484, -963.623047
388.183594, -692.626953, -1276.123047
168.945312, -717.529297, -1153.076172
-,-,-
-22.216797, -941.162109, 554.199219
-63.720703, -818.603516, 601.562500
-131.591797, -866.943359, 476.074219
-177.490234, -673.095703, 121.582031
-90.087891, -781.982422, -271.240234
-211.669922, -548.583984, -436.279297
-71.533203, -608.154297, -729.248047
-173.583984, -609.130859, -905.517578
101.562500, -661.865234, -1239.990234
30.273438, -657.470703, -1219.482422
-,-,-
89.355469, -993.408203, 390.625000
43.457031, -940.185547, 469.726562
-12.451172, -853.759766, 505.859375
-151.123047, -758.056641, 302.734375
-83.740234, -794.189453, 68.359375
-279.541016, -617.431641, -261.962891
-109.130859, -644.287109, -546.142578
-95.947266, -558.837891, -858.154297
115.234375, -613.525391, -1229.736328
-,-,-
-112.548828, -892.822266, 481.933594
-75.439453, -818.603516, 714.355469
-263.427734, -657.470703, 495.117188
-218.505859, -639.404297, 206.054688
-456.787109, -495.361328, -245.849609
-274.658203, -521.728516, -663.818359
-238.525391, -495.361328, -903.564453
-101.806641, -676.513672, -1354.736328
-148.193359, -644.287109, -1347.412109
-,-,-
-110.107422, -938.232422, 340.820312
-46.142578, -964.599609, 506.835938
-346.923828, -718.505859, 577.636719
-381.103516, -623.779297, 261.230469
-223.876953, -444.091797, -149.169922
-317.138672, -386.474609, -512.451172
247.558594, -593.994141, -1034.423828
142.578125, -519.775391, -1048.583984
275.878906, -483.154297, -1323.486328
-,-,-
75.195312, -991.455078, 665.527344
281.250000, -1045.654297, 692.382812
-320.556641, -787.841797, 352.050781
-343.017578, -542.236328, -112.060547
-429.443359, -486.083984, -364.013672
-293.212891, -467.529297, -667.724609
-138.916016, -520.263672, -700.927734
42.968750, -446.044922, -1006.591797
260.253906, -636.962891, -1346.435547
312.011719, -677.978516, -1382.568359
193.359375, -641.357422, -1364.013672
-,-,-
9.765625, -892.822266, 408.203125
-121.826172, -834.228516, 603.515625
-278.076172, -531.982422, 205.078125
-234.619141, -517.333984, -211.669922
-515.380859, -224.365234, -572.998047
-22.216797, -518.798828, -1134.033203
74.218750, -558.837891, -1322.509766
176.757812, -529.052734, -1376.708984
214.843750, -626.708984, -1586.181641
-,-,-
-110.595703, -896.240234, 423.828125
-254.638672, -760.498047, 303.710938
-286.376953, -627.685547, 196.289062
-369.384766, -460.693359, -358.154297
-255.126953, -366.943359, -639.404297
-173.095703, -459.228516, -1018.310547
-46.630859, -443.115234, -1003.173828
86.425781, -280.517578, -1448.486328
-,-,-
-114.990234, -889.404297, 355.468750
-260.009766, -800.048828, 408.203125
-161.865234, -751.220703, 198.730469
-273.681641, -489.013672, -363.037109
-262.939453, -489.013672, -657.958984
0.488281, -549.560547, -1043.701172
-106.689453, -559.326172, -1230.224609
-,-,-
-150.146484, -826.904297, 603.515625
143.554688, -867.919922, 461.914062
-463.623047, -581.298828, 238.281250
-80.322266, -688.232422, -428.466797
-320.556641, -581.787109, -465.576172
-138.916016, -497.314453, -889.404297
38.085938, -576.416016, -1105.224609
183.593750, -532.958984, -1318.115234
64.453125, -536.376953, -1401.123047
-,-,-
-63.232422, -859.130859, 475.585938
-254.638672, -572.509766, 472.656250
-385.498047, -449.462891, -107.666016
-324.462891, -718.994141, -919.677734
-194.091797, -620.361328, -985.107422
-308.349609, -614.501953, -830.322266
-193.115234, -549.560547, -1103.271484
-234.130859, -544.677734, -1161.376953
-202.880859, -559.326172, -1093.505859
-179.931641, -442.138672, -1187.255859
-,-,-
-227.294922, -790.771484, 308.593750
-344.482422, -674.072266, 16.601562
-146.728516, -470.947266, -68.603516
-69.580078, -384.521484, -479.248047
214.355469, -371.337891, -1008.544922
605.468750, -639.404297, -1431.396484
335.937500, -556.396484, -1398.193359
-,-,-
-47.607422, -975.830078, 456.542969
-288.818359, -795.166016, 552.734375
-308.349609, -703.857422, 251.953125
-373.291016, -436.767578, -125.732422
-164.306641, -454.833984, -494.873047
-63.232422, -336.181641, -655.029297
374.023438, -433.837891, -1134.521484
390.625000, -620.361328, -1372.802734
320.800781, -500.732422, -1411.865234
-,-,-
-153.564453, -849.365234, 281.738281
-449.462891, -686.279297, 36.621094
-91.064453, -684.326172, -275.146484
-126.708984, -600.341797, -350.341797
-259.521484, -492.919922, -600.341797
85.449219, -430.908203, -747.314453
273.437500, -337.158203, -983.154297
333.984375, -382.568359, -1057.373047
819.824219, -406.982422, -1537.841797
-,-,-
-305.419922, -762.451172, 83.984375
-307.373047, -526.123047, -108.154297
-124.755859, -533.447266, -479.248047
-244.384766, -406.005859, -545.166016
252.441406, -470.947266, -832.763672
244.628906, -556.884766, -977.294922
643.554688, -517.822266, -1021.240234
630.859375, -604.248047, -1295.654297
580.078125, -641.357422, -1280.029297
423.339844, -566.162109, -1237.060547
-,-,-
-423.095703, -580.322266, 113.281250
-245.849609, -555.908203, -178.466797
-149.658203, -447.998047, -535.888672
-92.529297, -424.560547, -664.794922
247.070312, -571.044922, -929.443359
58.593750, -472.900391, -984.130859
272.460938, -523.193359, -1032.470703
440.917969, -471.923828, -1321.533203
379.882812, -490.966797, -1267.333984
436.523438, -403.076172, -1330.810547
-,-,-
-85.693359, -879.638672, 83.984375
-71.533203, -719.482422, -6.103516
-206.298828, -721.435547, -443.115234
74.218750, -699.951172, -638.427734
19.531250, -664.794922, -735.107422
-128.173828, -501.708984, -774.658203
8.300781, -368.896484, -736.083984
93.750000, -359.619141, -1009.521484
479.980469, -512.451172, -1321.533203
322.753906, -449.951172, -1311.279297
-,-,-
-128.173828, -878.662109, 136.718750
-82.763672, -912.353516, 113.281250
-322.998047, -791.259766, 329.101562
-229.248047, -613.525391, -45.654297
-58.837891, -529.052734, -518.310547
108.398438, -450.927734, -790.771484
51.757812, -372.802734, -989.990234
353.027344, -338.134766, -1115.966797
220.703125, -392.333984, -1510.986328
-,-,-
-5.615234, -955.322266, 240.234375
-28.564453, -974.365234, 177.734375
-142.333984, -821.044922, 287.597656
-310.791016, -637.451172, 160.644531
-208.251953, -490.966797, -349.853516
32.714844, -431.396484, -842.041016
139.648438, -443.115234, -1080.810547
278.320312, -476.806641, -1035.888672
205.078125, -432.861328, -1188.232422
422.851562, -534.912109, -1314.208984
-,-,-
-155.517578, -911.376953, 444.335938
-80.322266, -915.283203, 426.757812
-151.123047, -734.619141, 236.328125
-83.740234, -627.685547, -14.404297
-243.408203, -434.814453, -490.966797
-108.154297, -400.634766, -958.740234
209.960938, -543.701172, -1299.072266
313.964844, -562.255859, -1484.619141
197.753906, -522.216797, -1345.458984
-,-,-
-0.732422, -972.412109, 59.570312
223.632812, -1032.470703, 131.835938
-177.490234, -879.150391, 246.093750
-199.462891, -706.298828, -4.638672
-251.708984, -462.646484, -203.857422
-19.775391, -445.068359, -742.431641
-49.072266, -228.271484, -997.802734
444.335938, -247.802734, -1386.962891
609.375000, -393.798828, -1663.818359
-,-,-
-10.986328, -976.318359, 520.507812
-186.279297, -770.751953, 384.277344
-90.576172, -695.556641, 27.343750
-7.080078, -447.998047, -435.302734
-48.583984, -376.220703, -799.560547
120.605469, -450.927734, -1041.259766
236.328125, -468.505859, -1165.771484
443.847656, -537.353516, -1247.802734
401.367188, -531.005859, -1202.880859
-,-,-
91.796875, -1023.193359, 348.144531
-219.482422, -805.419922, 232.421875
-89.599609, -744.873047, 45.898438
-238.525391, -514.892578, -109.130859
-77.392578, -463.623047, -520.751953
-110.107422, -313.720703, -821.044922
236.328125, -252.685547, -1260.498047
269.042969, -284.912109, -1599.365234
-,-,-
-50.048828, -941.162109, 195.312500
-80.810547, -905.029297, 210.937500
-217.041016, -726.318359, 118.164062
-247.802734, -498.779297, -261.474609
-195.068359, -353.271484, -436.279297
-71.044922, -166.748047, -874.267578
167.968750, -140.380859, -1406.005859
-,-,-
-55.419922, -914.306641, 449.707031
-253.173828, -723.388672, 615.234375
-231.201172, -547.607422, 55.175781
-205.810547, -386.474609, -434.326172
-156.494141, -264.892578, -897.216797
106.933594, -361.083984, -1366.943359
-,-,-
-75.439453, -922.607422, 657.226562
21.972656, -763.427734, 373.535156
-46.142578, -719.970703, 304.687500
-291.259766, -443.115234, -341.552734
-225.341797, -333.740234, -809.814453
146.484375, -546.630859, -1189.697266
60.058594, -413.818359, -1348.388672
115.722656, -392.333984, -1521.240234
-,-,-
63.476562, -941.162109, 555.664062
-135.498047, -703.369141, 326.171875
-251.708984, -675.048828, 363.281250
-249.267578, -402.099609, -145.263672
-124.755859, -286.865234, -591.552734
-72.998047, -172.119141, -991.455078
252.441406, -351.318359, -1569.091797
-,-,-
5.859375, -1036.865234, 227.539062
54.199219, -995.361328, 317.871094
-146.728516, -882.568359, 333.984375
-164.306641, -800.537109, 186.035156
-208.251953, -582.763672, -75.927734
-151.611328, -353.759766, -508.544922
49.316406, -355.712891, -1024.169922
33.691406, -508.544922, -1137.451172
-,-,-
-140.380859, -838.623047, 482.910156
-203.857422, -625.732422, 170.898438
-5.615234, -579.345703, -263.916016
10.742188, -477.783203, -739.501953
-79.833984, -423.583984, -979.248047
108.398438, -565.185547, -1160.400391
-111.572266, -554.931641, -1281.005859
1.464844, -499.267578, -1287.841797
-,-,-
-13.427734, -983.154297, 371.093750
50.292969, -963.623047, 339.843750
-317.138672, -700.927734, 401.367188
-154.541016, -719.482422, 69.824219
-202.880859, -440.673828, -436.279297
-58.837891, -433.837891, -795.654297
20.996094, -381.591797, -1040.771484
96.679688, -372.802734, -1329.833984
-,-,-
80.078125, -991.455078, 113.281250
-11.962891, -972.900391, 481.933594
-63.720703, -904.052734, 265.625000
-243.896484, -750.244141, 340.820312
-292.236328, -530.029297, 91.308594
-310.791016, -318.603516, -423.095703
-89.599609, -240.966797, -970.947266
116.210938, -458.740234, -1326.904297
-,-,-
44.921875, -921.630859, 249.511719
-189.697266, -869.873047, 252.929688
-65.673828, -863.037109, 219.726562
-63.232422, -668.212891, -125.244141
-190.673828, -617.431641, -389.892578
-190.673828, -402.099609, -564.208984
-82.763672, -342.041016, -1051.513672
-33.447266, -463.623047, -1255.126953
-,-,-
92.773438, -975.341797, 161.621094
104.980469, -962.646484, 187.988281
-230.224609, -756.103516, 342.773438
-200.439453, -677.490234, 1.464844
24.902344, -642.333984, -378.662109
-93.505859, -423.583984, -781.005859
-43.212891, -500.244141, -985.107422
51.269531, -517.822266, -1208.740234
27.343750, -492.919922, -1275.146484
-,-,-
-145.751953, -882.568359, 260.742188
-115.966797, -826.904297, 384.277344
-122.802734, -748.779297, 473.632812
-11.474609, -601.318359, -267.822266
-216.064453, -506.591797, -680.908203
32.714844, -589.111328, -1043.701172
-25.634766, -552.978516, -1015.380859
140.625000, -536.376953, -1316.162109
100.585938, -531.982422, -1197.021484
-,-,-
124.511719, -958.740234, 322.753906
136.230469, -982.177734, 512.207031
136.230469, -969.482422, 401.367188
-55.419922, -813.720703, 212.890625
-317.626953, -601.318359, -57.373047
-184.326172, -532.958984, -272.216797
-239.013672, -270.263672, -479.736328
67.871094, -335.693359, -1098.876953
-,-,-
8.300781, -992.919922, 102.539062
-44.677734, -963.623047, 202.148438
-159.912109, -851.806641, 298.828125
-123.779297, -739.990234, 206.054688
-12.451172, -668.701172, -112.060547
-107.177734, -532.470703, -521.728516
-44.189453, -406.982422, -891.357422
91.796875, -438.232422, -1101.318359
67.871094, -369.873047, -1239.990234
86.425781, -382.568359, -1418.212891
174.804688, -496.337891, -1423.583984
-,-,-
-76.904297, -977.294922, 250.000000
-206.298828, -893.798828, 417.480469
-198.486328, -782.958984, 417.480469
-129.150391, -713.134766, 76.171875
-91.552734, -642.333984, -361.572266
-231.689453, -390.380859, -631.591797
89.355469, -630.615234, -994.873047
88.867188, -557.861328, -1199.951172
-36.376953, -445.068359, -1171.630859
7.324219, -489.990234, -1096.923828
-,-,-
-96.923828, -948.974609, 228.515625
-115.966797, -906.005859, 330.078125
-155.517578, -804.443359, 375.976562
-178.466797, -665.771484, -23.193359
-79.345703, -637.939453, -216.552734
-92.529297, -489.990234, -499.755859
9.765625, -458.251953, -836.181641
260.742188, -573.486328, -1047.607422
249.511719, -504.638672, -1281.982422
213.867188, -489.990234, -1386.962891
263.671875, -527.099609, -1401.123047
-,-,-
-47.607422, -972.900391, 323.242188
-58.349609, -919.677734, 362.304688
-88.623047, -799.560547, 330.078125
-174.560547, -691.650391, 20.507812
-72.998047, -624.755859, -267.333984
10.253906, -412.841797, -599.365234
134.765625, -449.951172, -1042.724609
119.140625, -579.345703, -1129.150391
74.707031, -450.927734, -1180.419922
134.277344, -479.248047, -1288.818359
-,-,-
-87.158203, -916.259766, 141.601562
-73.974609, -933.349609, 362.304688
-156.494141, -838.623047, 298.828125
0.488281, -897.705078, 144.531250
-142.333984, -783.935547, 172.851562
-45.654297, -741.943359, -199.462891
-92.529297, -499.755859, -428.466797
-98.388672, -305.419922, -736.572266
253.906250, -611.572266, -1100.341797
161.132812, -444.091797, -1208.740234
147.949219, -379.638672, -1336.669922
153.320312, -489.990234, -1289.306641
156.250000, -468.505859, -1237.060547
-,-,-
-107.177734, -924.560547, 306.640625
49.316406, -908.935547, 281.250000
-188.232422, -778.564453, 263.671875
-122.314453, -804.443359, 27.343750
-150.634766, -587.646484, -125.732422
-143.798828, -466.552734, -569.091797
-65.185547, -378.173828, -771.240234
59.082031, -392.333984, -1010.498047
201.171875, -461.669922, -1231.201172
158.691406, -348.388672, -1328.857422
130.859375, -329.833984, -1396.240234
153.808594, -330.810547, -1457.763672
38.085938, -364.990234, -1313.232422
-,-,-
-9.033203, -979.248047, 92.285156
7.812500, -1005.615234, 273.437500
-123.779297, -875.732422, 330.078125
-218.994141, -754.150391, 307.617188
-149.169922, -636.474609, -111.083984
-152.587891, -535.400391, -545.166016
-127.685547, -379.150391, -736.083984
-33.447266, -385.498047, -999.267578
5.859375, -382.568359, -1186.279297
-21.240234, -352.783203, -1215.576172
10.742188, -346.435547, -1326.416016
94.238281, -358.642578, -1440.185547
-,-,-
-24.169922, -975.830078, 33.691406
-89.111328, -941.162109, 263.671875
-183.349609, -883.544922, 235.351562
-157.470703, -906.005859, 254.394531
-127.685547, -828.857422, 277.343750
-80.810547, -858.642578, -62.255859
-76.416016, -670.166016, -315.185547
-132.080078, -606.689453, -554.443359
-100.341797, -342.529297, -740.966797
-40.771484, -287.841797, -1130.615234
44.433594, -327.880859, -1382.568359
-4.150391, -337.646484, -1493.896484
-20.263672, -344.970703, -1532.958984
-,-,-
-13.427734, -975.830078, 74.218750
-62.255859, -915.771484, 253.906250
-162.353516, -808.349609, 300.781250
-179.931641, -619.384766, -36.865234
-92.529297, -492.919922, -311.279297
-19.287109, -224.365234, -757.568359
-1.708984, -137.451172, -1254.150391
128.417969, -234.130859, -1502.685547
41.503906, -354.736328, -1499.755859
11.718750, -283.935547, -1406.982422
-,-,-
83.984375, -993.408203, 234.375000
-153.076172, -862.060547, 375.000000
-1.220703, -849.853516, 133.300781
-70.556641, -647.216797, -106.201172
-31.005859, -511.474609, -384.521484
-53.955078, -330.810547, -881.591797
-3.662109, -321.044922, -1079.833984
30.273438, -277.587891, -1199.951172
137.207031, -282.470703, -1503.662109
160.644531, -351.318359, -1504.638672
-,-,-
-56.396484, -990.966797, 294.921875
-49.560547, -890.380859, 483.886719
-130.126953, -822.998047, 100.097656
109.375000, -769.287109, 18.554688
-21.240234, -533.447266, -508.544922
30.273438, -633.544922, -541.259766
-176.513672, -416.259766, -678.955078
-60.791016, -364.013672, -942.138672
105.468750, -486.083984, -1101.318359
263.671875, -498.291016, -1475.341797
-,-,-
-27.099609, -958.740234, 354.003906
-77.392578, -942.138672, 576.660156
-242.431641, -764.404297, 477.539062
44.921875, -767.333984, 162.597656
30.273438, -715.576172, -219.482422
-130.615234, -529.052734, -661.865234
-157.958984, -523.193359, -812.255859
-78.369141, -471.923828, -1001.220703
50.292969, -442.138672, -1142.333984
31.250000, -417.236328, -1283.935547
192.382812, -562.255859, -1378.662109
-,-,-
-122.314453, -914.306641, 277.832031
-165.283203, -853.271484, 584.472656
-3.662109, -759.033203, 134.765625
-168.212891, -627.685547, -115.966797
63.476562, -519.287109, -779.052734
-197.509766, -553.955078, -968.017578
32.226562, -432.861328, -1059.326172
67.871094, -438.720703, -1135.498047
147.460938, -356.689453, -1263.427734
258.300781, -563.232422, -1456.787109
-,-,-
-28.076172, -991.455078, 293.945312
-124.755859, -906.982422, 475.585938
-266.845703, -697.509766, 469.726562
-64.208984, -665.771484, 51.757812
-130.615234, -517.822266, -217.529297
-131.103516, -392.822266, -611.572266
-90.087891, -327.880859, -922.607422
24.902344, -373.291016, -1191.650391
286.132812, -386.474609, -1391.357422
277.832031, -385.498047, -1505.615234
264.648438, -396.240234, -1553.466797
-,-,-
-142.333984, -944.091797, 146.484375
-89.599609, -988.037109, 324.218750
-72.509766, -917.724609, 403.320312
-86.181641, -853.759766, 471.679688
-184.814453, -693.603516, 235.351562
31.250000, -531.005859, -225.830078
0.488281, -335.693359, -614.501953
45.410156, -291.748047, -1019.287109
252.929688, -286.865234, -1301.513672
207.031250, -357.666016, -1486.572266
-,-,-
-165.283203, -901.123047, 774.414062
-212.158203, -750.732422, 357.421875
-98.388672, -690.185547, -51.513672
-22.216797, -756.591797, -105.224609
-209.228516, -556.884766, -448.486328
-34.423828, -508.544922, -653.076172
-29.052734, -444.091797, -815.185547
139.648438, -460.693359, -1045.654297
111.816406, -487.060547, -1216.552734
194.335938, -489.990234, -1447.998047
210.937500, -501.708984, -1406.005859
-,-,-
-81.787109, -1016.357422, 262.695312
-164.306641, -839.111328, 580.566406
-169.189453, -776.611328, 316.894531
128.906250, -931.396484, 398.437500
-4.638672, -750.244141, 160.644531
-76.904297, -666.748047, -246.826172
-230.224609, -368.896484, -684.326172
-90.087891, -364.013672, -880.615234
251.464844, -578.857422, -1218.505859
7.324219, -383.544922, -1174.560547
128.417969, -346.435547, -1301.513672
87.402344, -454.345703, -1182.373047
-,-,-
-101.318359, -948.974609, 493.164062
-33.935547, -855.712891, 570.312500
-242.431641, -770.751953, 375.000000
-218.017578, -754.150391, 126.464844
-283.935547, -571.044922, -261.962891
-188.720703, -406.005859, -466.552734
53.222656, -397.705078, -745.361328
117.187500, -211.669922, -1136.474609
95.214844, -97.412109, -1490.966797
213.378906, -175.048828, -1569.091797
-,-,-
-206.298828, -956.787109, 466.796875
-270.263672, -903.076172, 274.414062
-161.865234, -892.822266, 312.500000
-248.291016, -745.849609, 102.539062
-116.943359, -723.388672, -163.330078
-41.259766, -444.091797, -497.802734
-37.841797, -366.943359, -636.474609
165.527344, -322.998047, -1082.763672
254.882812, -284.912109, -1263.427734
356.445312, -359.130859, -1402.099609
307.617188, -368.896484, -1504.638672
-,-,-
-180.908203, -865.966797, 463.867188
-155.517578, -866.943359, 705.566406
-378.173828, -572.998047, 439.941406
-1.708984, -732.177734, 90.820312
-94.970703, -558.349609, -247.802734
-19.287109, -616.455078, -536.865234
-9.033203, -558.837891, -808.349609
208.984375, -545.166016, -1195.556641
164.550781, -607.177734, -1142.333984
168.457031, -483.154297, -1211.669922
108.398438, -352.294922, -1162.353516
-,-,-
45.898438, -864.990234, 438.476562
-11.474609, -840.087891, 46.875000
433.593750, -1037.353516, -337.646484
133.789062, -1026.123047, -174.072266
-25.634766, -744.873047, -208.740234
181.152344, -972.900391, -440.185547
-9.033203, -819.580078, -320.068359
-187.744141, -523.193359, -355.712891
-178.466797, -477.783203, -550.048828
71.777344, -350.341797, -850.341797
-3.662109, -162.353516, -1347.412109
171.386719, -309.326172, -1342.529297
38.574219, -248.779297, -1370.849609
-,-,-
-68.603516, -945.068359, 171.875000
-149.169922, -917.236328, 343.750000
-138.916016, -902.099609, 607.910156
-432.861328, -665.771484, 517.578125
-33.447266, -744.873047, 105.468750
-249.755859, -615.478516, -181.396484
-60.791016, -454.833984, -747.802734
-115.478516, -515.869141, -919.677734
-2.197266, -365.966797, -1078.857422
183.593750, -545.654297, -1403.076172
-26.611328, -412.841797, -1224.853516
-,-,-
-111.083984, -883.544922, 326.660156
-14.404297, -910.400391, 394.531250
-157.470703, -807.373047, 472.656250
13.671875, -798.095703, 111.328125
-150.146484, -667.724609, 41.992188
-162.841797, -401.123047, -516.845703
-155.517578, -411.865234, -863.037109
-9.521484, -312.255859, -1043.701172
43.457031, -272.216797, -1358.642578
269.531250, -408.447266, -1569.091797
168.945312, -414.794922, -1533.935547
-,-,-
-131.103516, -925.537109, 352.050781
-100.341797, -878.662109, 255.371094
-174.560547, -855.224609, 357.421875
12.695312, -876.708984, 219.726562
-73.486328, -764.404297, -2.197266
-55.419922, -726.318359, -253.662109
-172.607422, -562.744141, -424.072266
-126.708984, -408.935547, -687.255859
-59.814453, -374.267578, -950.927734
46.875000, -317.626953, -1286.865234
141.601562, -396.728516, -1447.021484
116.210938, -393.310547, -1538.818359
-,-,-
-88.134766, -972.900391, 209.960938
-47.607422, -976.806641, 285.644531
-198.486328, -852.783203, 414.062500
-227.294922, -745.849609, 339.843750
-211.669922, -567.138672, 40.039062
-102.783203, -498.291016, -363.037109
-171.142578, -452.880859, -569.091797
-102.783203, -219.970703, -896.240234
19.531250, -179.931641, -1209.716797
204.589844, -200.927734, -1509.033203
95.214844, -330.810547, -1504.638672
8.789062, -275.634766, -1379.638672
43.457031, -357.666016, -1348.388672
-,-,-
-158.935547, -910.888672, 458.007812
-56.884766, -867.919922, 384.277344
-239.013672, -720.458984, 364.257812
-25.634766, -704.833984, 72.265625
-171.142578, -431.884766, -143.310547
-164.306641, -332.763672, -573.486328
-212.158203, -144.287109, -941.162109
-81.298828, -150.146484, -1339.599609
137.207031, -267.333984, -1721.435547
231.933594, -462.646484, -1757.568359
-,-,-
-137.939453, -921.630859, 471.679688
-32.470703, -917.236328, 275.390625
-164.306641, -793.212891, 375.000000
-191.650391, -722.412109, 271.484375
-62.255859, -640.380859, -85.693359
-101.318359, -489.990234, -428.466797
-115.966797, -365.966797, -721.435547
-55.419922, -291.748047, -1024.658203
-9.033203, -340.576172, -1329.833984
207.519531, -387.451172, -1681.884766
40.039062, -382.568359, -1642.822266
-,-,-
-183.349609, -862.060547, 373.046875
-106.201172, -863.037109, 271.484375
-301.513672, -678.466797, 205.078125
-158.935547, -684.326172, -53.466797
-346.923828, -404.052734, -244.873047
-223.876953, -266.357422, -692.138672
22.949219, -187.255859, -1151.611328
209.960938, -158.447266, -1534.912109
219.238281, -178.955078, -1628.662109
225.097656, -258.544922, -1718.505859
-,-,-
-280.029297, -822.021484, 477.539062
-314.697266, -683.349609, 389.160156
-351.806641, -501.708984, 155.273438
-246.826172, -508.544922, -181.396484
-9.033203, -258.056641, -723.388672
-20.263672, -311.279297, -1076.904297
312.988281, -266.357422, -1359.619141
339.843750, -355.712891, -1644.775391
141.601562, -341.064453, -1436.279297
-,-,-
-369.384766, -860.107422, 474.609375
-367.431641, -655.517578, 439.453125
-419.677734, -384.521484, 107.421875
-315.185547, -276.123047, -207.763672
-71.533203, -269.287109, -658.935547
57.128906, -151.123047, -1171.630859
343.261719, -367.919922, -1629.638672
367.187500, -406.982422, -1771.240234
135.253906, -357.666016, -1540.771484
-,-,-
-255.615234, -826.904297, 340.820312
-90.087891, -921.630859, 280.273438
-437.255859, -578.857422, 370.117188
-326.904297, -553.466797, 241.210938
-234.130859, -373.779297, -284.423828
-93.017578, -411.865234, -605.224609
10.742188, -362.060547, -1101.806641
41.503906, -350.341797, -1517.333984
77.636719, -413.818359, -1591.552734
-63.232422, -274.169922, -1387.939453
-,-,-
-300.537109, -883.544922, 298.828125
-301.513672, -794.189453, 425.781250
-439.208984, -733.642578, 536.621094
-499.267578, -555.908203, 576.660156
-254.150391, -535.400391, -92.529297
-208.251953, -385.498047, -531.982422
-113.037109, -399.658203, -836.181641
-0.732422, -409.912109, -1256.591797
13.671875, -358.642578, -1458.740234
-89.599609, -305.419922, -1376.708984
-109.619141, -347.412109, -1416.748047
-,-,-
228.515625, -1020.263672, -19.287109
139.648438, -1021.240234, 122.070312
8.300781, -891.845703, 201.171875
-72.509766, -761.474609, 72.265625
-240.478516, -522.216797, -150.146484
-58.349609, -450.927734, -475.341797
64.453125, -371.826172, -865.478516
209.472656, -249.755859, -1147.216797
423.828125, -207.763672, -1823.974609
-,-,-
-139.404297, -958.740234, 197.265625
-142.333984, -927.490234, 283.203125
-189.697266, -867.919922, 499.023438
-253.173828, -664.306641, 492.187500
-170.166016, -544.677734, 44.921875
99.609375, -611.572266, -339.599609
26.367188, -524.169922, -699.462891
-155.517578, -347.412109, -886.474609
-15.869141, -404.052734, -1465.576172
22.460938, -401.611328, -1530.029297
15.136719, -374.267578, -1662.841797
-28.076172, -346.435547, -1574.951172
-,-,-
-181.884766, -912.353516, 232.421875
-297.119141, -823.974609, 440.429688
-309.814453, -684.326172, 619.140625
-430.419922, -498.779297, 528.320312
-120.361328, -335.205078, -156.494141
-59.814453, -295.166016, -670.654297
97.656250, -176.513672, -1373.779297
262.695312, -263.916016, -1693.115234
193.359375, -260.498047, -1849.365234
-46.630859, -200.927734, -1441.162109
-32.470703, -278.564453, -1336.669922
88.378906, -363.037109, -1406.982422
-,-,-
-267.822266, -932.861328, 127.441406
-314.208984, -881.591797, 273.437500
-300.048828, -789.794922, 538.085938
-375.244141, -634.033203, 110.351562
-148.681641, -730.224609, -56.396484
-252.197266, -524.169922, -313.232422
-52.978516, -523.193359, -658.935547
73.242188, -552.978516, -1085.205078
104.980469, -371.826172, -1241.943359
120.605469, -495.361328, -1566.162109
23.925781, -446.044922, -1625.732422
0.488281, -452.880859, -1370.849609
-,-,-
-368.896484, -878.662109, 384.277344
-365.966797, -766.357422, 248.046875
-408.935547, -642.333984, 341.796875
-229.248047, -643.310547, 3.417969
-81.787109, -619.873047, -436.279297
-143.798828, -516.357422, -565.185547
-50.048828, -425.537109, -968.994141
89.843750, -449.951172, -1157.958984
55.664062, -406.005859, -1260.986328
158.203125, -339.111328, -1553.466797
220.703125, -448.974609, -1635.498047
118.652344, -459.716797, -1595.458984
122.070312, -481.201172, -1334.716797
-,-,-
-487.060547, -729.248047, 650.878906
-384.521484, -687.255859, 650.390625
-480.224609, -396.728516, 192.871094
-358.154297, -273.193359, -186.279297
-130.126953, -308.349609, -586.181641
120.117188, -296.142578, -1193.603516
246.093750, -280.517578, -1547.119141
247.558594, -328.857422, -1891.357422
55.664062, -338.134766, -1719.482422
80.078125, -372.802734, -1518.798828
-,-,-
-540.771484, -684.326172, 296.875000
-618.408203, -677.490234, 801.269531
-369.384766, -580.322266, 435.546875
-564.697266, -400.634766, 252.929688
-194.091797, -324.951172, -548.095703
-60.791016, -495.361328, -760.498047
-10.986328, -374.267578, -1096.923828
86.425781, -282.958984, -1427.490234
138.183594, -284.912109, -1651.123047
0.000000, -284.912109, -1528.076172
91.796875, -322.998047, -1639.404297
-88.134766, -333.740234, -1385.009766
-,-,-
-271.728516, -864.990234, 420.410156
-437.255859, -657.470703, 532.226562
-254.638672, -666.748047, 159.667969
-264.404297, -579.833984, -114.990234
-220.947266, -362.060547, -649.169922
39.062500, -512.451172, -867.919922
88.378906, -230.224609, -1359.619141
57.128906, -174.560547, -1751.708984
150.390625, -177.978516, -1875.244141
-27.587891, -292.724609, -1598.388672
-,-,-
-375.732422, -720.458984, 672.363281
-476.318359, -267.333984, -105.224609
-138.427734, -532.958984, -453.369141
-69.580078, -368.896484, -1027.099609
-128.173828, -288.818359, -1076.904297
63.964844, -131.591797, -1390.380859
19.531250, -105.224609, -1518.798828
55.175781, -141.357422, -1499.755859
-,-,-
-563.232422, -749.755859, 579.589844
-520.751953, -610.107422, 341.796875
-590.087891, -467.529297, 468.750000
-243.408203, -371.337891, -176.513672
-5.615234, -328.857422, -612.548828
234.375000, -328.857422, -1312.255859
401.367188, -313.720703, -1643.798828
331.054688, -199.951172, -1846.435547
117.187500, -202.880859, -1623.779297
-,-,-
-277.587891, -919.677734, 52.734375
-408.447266, -876.220703, 302.734375
-556.396484, -518.310547, 319.824219
-415.283203, -454.345703, -87.646484
-165.283203, -393.310547, -437.255859
16.113281, -339.111328, -811.279297
193.359375, -167.724609, -1261.962891
266.113281, -54.931641, -1774.658203
256.347656, -109.130859, -1928.955078
-,-,-
-381.103516, -820.068359, 549.804688
-459.716797, -632.568359, 592.773438
-387.451172, -521.240234, 139.648438
-231.689453, -474.853516, -150.146484
-144.287109, -312.255859, -753.662109
4.394531, -320.556641, -1136.474609
219.726562, -165.283203, -1565.185547
314.453125, -128.662109, -1939.208984
86.425781, -182.373047, -1774.658203
-,-,-
-304.931641, -864.013672, 237.304688
-350.341797, -864.013672, 306.640625
-513.427734, -669.677734, 472.656250
-353.759766, -548.583984, 127.441406
-94.970703, -531.982422, -304.443359
-10.009766, -262.939453, -745.361328
164.062500, -157.958984, -1300.537109
220.703125, -85.205078, -1524.169922
163.574219, -62.255859, -1706.298828
56.640625, -149.169922, -1635.986328
-,-,-
-391.845703, -779.052734, 506.347656
-279.052734, -850.341797, 443.359375
-453.857422, -644.287109, 430.664062
-367.431641, -553.955078, 132.812500
-273.193359, -434.814453, -261.474609
-164.794922, -389.404297, -693.115234
-24.169922, -291.748047, -1145.263672
68.847656, -272.216797, -1368.896484
48.828125, -203.857422, -1581.298828
69.824219, -202.392578, -1554.443359
-,-,-
-343.994141, -924.560547, 286.621094
-239.501953, -893.798828, 129.394531
-587.158203, -779.052734, 483.886719
-566.650391, -632.080078, 358.398438
-554.443359, -389.404297, 86.914062
-328.369141, -224.365234, -405.029297
5.371094, -341.064453, -880.615234
203.125000, -328.857422, -1323.486328
66.406250, -186.279297, -1590.576172
-38.818359, -98.876953, -1503.662109
38.085938, -208.740234, -1600.341797
-,-,-
-401.123047, -851.318359, 510.742188
-483.642578, -731.201172, 606.445312
-394.287109, -617.919922, 265.625000
-254.638672, -534.423828, -51.513672
-154.541016, -456.298828, -561.279297
2.441406, -446.044922, -858.154297
72.265625, -260.009766, -1001.220703
41.503906, -143.310547, -1403.076172
98.144531, -142.333984, -1388.916016
78.125000, -74.462891, -1414.794922
70.312500, -94.482422, -1400.146484
181.152344, -148.193359, -1621.826172
-,-,-
-241.455078, -961.669922, 57.128906
-340.576172, -947.021484, 250.976562
-428.466797, -813.720703, 413.574219
-533.935547, -658.935547, 513.183594
-498.779297, -470.458984, 174.804688
-316.162109, -342.529297, -208.740234
-75.927734, -252.685547, -717.529297
183.593750, -257.080078, -1088.134766
228.515625, -147.216797, -1447.021484
360.351562, -124.755859, -1650.146484
242.187500, -206.787109, -1519.775391
219.238281, -216.552734, -1540.771484
-,-,-
-258.056641, -862.060547, 333.984375
-311.767578, -855.712891, 631.835938
-277.587891, -766.357422, 376.953125
-274.169922, -707.763672, 29.785156
-404.541016, -468.505859, -73.974609
-37.841797, -322.021484, -588.134766
24.902344, -264.404297, -989.013672
42.480469, -86.669922, -1199.462891
176.757812, -61.279297, -1514.892578
253.906250, -74.951172, -1850.341797
155.761719, -112.060547, -1657.958984
-,-,-
-299.560547, -864.013672, 200.195312
-378.173828, -767.333984, 657.226562
-417.236328, -610.107422, 418.457031
-279.052734, -560.302734, -233.154297
-254.150391, -401.611328, -372.802734
57.128906, -191.162109, -825.927734
68.847656, -128.662109, -1288.330078
225.097656, -59.814453, -1340.576172
173.828125, -148.193359, -1572.021484
-,-,-
-329.345703, -920.654297, 41.992188
-446.044922, -878.662109, 250.976562
-576.904297, -781.982422, 705.566406
-566.650391, -668.701172, 384.277344
-362.548828, -664.794922, 235.351562
-238.037109, -551.513672, -165.771484
-111.572266, -392.333984, -708.251953
-27.587891, -445.068359, -916.748047
-2.685547, -328.857422, -1065.673828
104.980469, -342.529297, -1296.630859
49.804688, -238.037109, -1220.458984
152.832031, -171.630859, -1474.365234
-,-,-
-384.033203, -897.216797, 245.117188
-544.189453, -711.669922, 601.562500
-524.169922, -564.208984, 149.414062
-433.837891, -402.099609, -131.103516
-111.572266, -175.537109, -563.232422
159.179688, -181.396484, -1081.787109
422.363281, -135.009766, -1622.802734
352.050781, 4.882812, -1697.998047
213.867188, -28.076172, -1584.716797
174.804688, -177.978516, -1422.607422
158.203125, -285.888672, -1370.849609
-,-,-
-364.501953, -883.544922, 212.890625
-331.787109, -783.935547, 336.914062
-410.888672, -603.271484, 90.820312
-309.326172, -537.353516, -231.689453
-193.603516, -464.599609, -560.302734
-132.568359, -350.341797, -796.630859
51.269531, -211.181641, -1133.056641
94.238281, -174.072266, -1380.615234
137.207031, -66.162109, -1566.162109
195.312500, -107.177734, -1734.130859
-,-,-
126.464844, -988.037109, -230.224609
152.343750, -1006.591797, 28.808594
-70.068359, -950.927734, 178.710938
-248.291016, -741.943359, 218.750000
-176.513672, -568.115234, -133.544922
-120.849609, -406.005859, -401.123047
-116.943359, -207.763672, -736.572266
42.968750, -35.888672, -1260.986328
413.574219, -144.287109, -1895.751953
-,-,-
-214.599609, -893.798828, 235.351562
-354.736328, -889.404297, 400.390625
-344.970703, -814.208984, 366.210938
-480.224609, -651.123047, 306.640625
-155.517578, -464.599609, -323.486328
-169.677734, -262.939453, -367.919922
97.167969, 144.531250, -1193.603516
486.328125, -0.244141, -1475.341797
462.402344, 29.296875, -1792.724609
449.218750, -49.560547, -1874.755859
325.683594, -96.923828, -1631.591797
-,-,-
-418.212891, -866.943359, 173.828125
-499.755859, -797.607422, 594.726562
-637.939453, -646.240234, 290.527344
-318.603516, -679.443359, 204.101562
-94.482422, -505.615234, -398.193359
-97.900391, -310.302734, -499.755859
151.855469, -51.513672, -1175.537109
365.722656, -201.904297, -1279.541016
411.132812, 28.320312, -1841.552734
456.542969, -98.876953, -1739.013672
315.429688, -123.779297, -1683.349609
-,-,-
-241.455078, -930.908203, 171.875000
-532.958984, -777.587891, 629.394531
-721.435547, -553.466797, 559.570312
-283.447266, -665.771484, 32.714844
-347.412109, -392.822266, -87.646484
-107.177734, -156.005859, -820.068359
187.500000, -43.212891, -1162.353516
380.859375, -22.705078, -1661.865234
374.023438, -132.568359, -1798.583984
185.546875, -4.638672, -1691.162109
237.304688, -204.833984, -1444.091797
223.632812, -305.419922, -1291.259766
-,-,-
-211.669922, -972.412109, 212.890625
-388.916016, -837.646484, 68.359375
-401.123047, -897.216797, 388.183594
-806.396484, -654.541016, 751.953125
-364.013672, -608.154297, 0.488281
-437.255859, -384.521484, -34.423828
-90.087891, -159.423828, -780.517578
297.851562, -291.748047, -1293.701172
65.429688, -108.154297, -1431.396484
181.640625, -46.142578, -1646.728516
194.335938, -276.123047, -1552.490234
74.218750, -222.900391, -1470.458984
89.843750, -274.658203, -1384.521484
-,-,-
-318.603516, -866.943359, 173.828125
-437.255859, -812.744141, 322.753906
-343.017578, -608.642578, 47.851562
-352.783203, -691.650391, -33.447266
-273.681641, -305.419922, -77.880859
-17.822266, -443.115234, -973.388672
202.148438, -247.802734, -877.685547
44.433594, 76.171875, -1536.865234
297.851562, -171.630859, -1592.529297
204.101562, -220.947266, -1797.607422
0.488281, -114.013672, -1584.716797
102.050781, -267.333984, -1325.927734
256.835938, -307.373047, -1334.716797
-,-,-
-594.970703, -733.642578, 531.250000
-646.728516, -296.142578, 469.726562
-125.732422, -416.259766, -375.732422
112.304688, -340.087891, -895.263672
118.652344, -635.986328, -1225.830078
220.703125, -181.396484, -1627.685547
185.546875, -143.310547, -1482.666016
141.601562, -280.517578, -1375.732422
133.789062, -279.541016, -1283.935547
191.894531, -288.818359, -1307.373047
143.066406, -284.912109, -1299.560547
-,-,-
-644.287109, -753.173828, 543.457031
-362.548828, -672.119141, 148.437500
-645.751953, -569.091797, 175.781250
-316.162109, -294.189453, -370.849609
-228.271484, -348.388672, -632.568359
277.832031, -227.294922, -1011.474609
579.589844, -126.708984, -1327.880859
651.367188, -76.416016, -1716.552734
475.097656, -164.306641, -1541.748047
111.328125, -228.271484, -1367.919922
130.859375, -252.685547, -1137.451172
171.386719, -293.701172, -1270.263672
-,-,-
-521.728516, -657.470703, 407.226562
-561.767578, -406.982422, 125.488281
-461.181641, -270.263672, -202.392578
-320.556641, -259.521484, -447.021484
121.093750, -88.623047, -1087.646484
300.292969, 49.804688, -1637.451172
260.742188, 105.468750, -1999.755859
258.789062, -24.169922, -1999.755859
199.707031, -185.302734, -1662.841797
107.421875, -294.189453, -1245.849609
-,-,-
-589.599609, -702.392578, 494.140625
-401.611328, -649.169922, 474.609375
-495.849609, -722.412109, 404.296875
-50.048828, -628.662109, -429.443359
-243.408203, -666.748047, -337.646484
-114.013672, -310.302734, -627.685547
107.910156, -319.580078, -1091.064453
111.816406, -209.716797, -1236.083984
340.820312, -97.900391, -1636.474609
269.531250, -119.384766, -1797.607422
252.929688, -240.966797, -1662.841797
166.015625, -332.763672, -1367.919922
-,-,-
-467.041016, -867.919922, 285.156250
-311.279297, -853.759766, 312.500000
-379.150391, -781.005859, 292.968750
-504.638672, -609.619141, 97.167969
-203.857422, -513.427734, -369.873047
-159.912109, -270.263672, -654.052734
-31.005859, -124.755859, -1061.767578
286.621094, -105.224609, -1453.369141
287.109375, -108.154297, -1738.037109
160.156250, -114.990234, -1607.177734
153.320312, -279.052734, -1496.826172
104.980469, -304.443359, -1377.685547
-,-,-
-359.130859, -877.685547, 586.914062
-373.779297, -654.541016, 454.589844
-380.126953, -471.435547, 79.101562
-339.599609, -493.408203, -205.810547
18.066406, -494.384766, -508.056641
179.199219, -356.689453, -977.294922
92.773438, -197.509766, -1243.896484
221.679688, -116.455078, -1752.685547
172.851562, -116.455078, -1729.248047
75.683594, -243.896484, -1563.232422
85.449219, -316.650391, -1319.091797
-,-,-
-302.490234, -826.904297, 354.003906
-373.291016, -827.880859, 494.140625
-330.810547, -592.041016, 68.359375
-101.318359, -729.248047, -341.552734
-253.662109, -468.017578, -303.466797
-95.947266, -273.193359, -719.482422
145.019531, -230.224609, -1294.189453
181.152344, -214.599609, -1398.193359
214.843750, -117.431641, -1534.912109
220.703125, -175.537109, -1572.998047
96.191406, -299.072266, -1400.146484
-,-,-
-359.130859, -860.107422, 169.921875
-409.423828, -794.189453, 436.523438
-405.029297, -773.681641, 236.328125
-351.318359, -732.666016, 289.550781
-149.169922, -631.591797, -195.556641
-142.333984, -547.607422, -465.576172
146.972656, -398.681641, -861.083984
282.714844, -423.583984, -1146.240234
177.734375, -249.755859, -1243.896484
178.710938, -260.498047, -1437.255859
115.722656, -257.080078, -1387.939453
10.253906, -313.232422, -1224.365234
306.640625, -390.380859, -1524.169922
189.941406, -279.541016, -1419.189453
-,-,-
-370.361328, -849.853516, 298.828125
-469.482422, -811.767578, 310.546875
-219.482422, -720.458984, -120.849609
-229.248047, -749.755859, -184.326172
-123.291016, -477.294922, -380.615234
19.531250, -420.654297, -736.083984
73.242188, -317.626953, -960.693359
54.199219, -262.451172, -1253.173828
169.921875, -207.763672, -1454.345703
-32.470703, -128.662109, -1395.263672
7.812500, -162.841797, -1342.529297
261.718750, -333.740234, -1648.681641
115.234375, -255.615234, -1496.826172
-,-,-
-391.357422, -851.806641, 420.898438
-405.517578, -795.166016, 131.347656
-407.958984, -750.732422, 266.601562
-224.853516, -735.595703, -216.552734
-202.880859, -730.224609, -199.951172
-235.107422, -475.830078, -308.349609
79.589844, -402.587891, -761.474609
107.421875, -338.134766, -921.630859
248.046875, -298.095703, -1307.373047
175.781250, -168.701172, -1385.009766
424.804688, -192.138672, -1999.755859
235.351562, -347.412109, -1644.775391
91.308594, -255.615234, -1190.185547
-,-,-
-627.685547, -576.416016, 405.761719
-161.865234, -663.818359, -175.537109
-213.623047, -557.861328, -218.505859
131.835938, -527.099609, -653.564453
89.843750, -397.705078, -918.701172
297.851562, -358.154297, -1212.646484
297.363281, -257.080078, -1446.044922
407.714844, -209.716797, -1637.451172
244.140625, -216.552734, -1635.498047
200.195312, -327.880859, -1322.509766
185.546875, -390.380859, -1200.927734
111.328125, -416.748047, -935.791016
29.296875, -554.443359, -739.990234
-,-,-
-313.232422, -876.220703, 70.312500
-394.775391, -868.896484, 356.445312
-457.275391, -803.466797, 205.078125
-386.474609, -722.412109, 28.320312
-343.994141, -734.619141, 154.296875
-121.337891, -471.435547, -555.419922
-73.974609, -450.927734, -767.333984
190.917969, -365.966797, -1171.630859
-12.451172, -254.638672, -1329.833984
-120.849609, -197.509766, -1022.216797
-58.349609, -177.978516, -1336.669922
39.062500, -185.302734, -1419.189453
115.722656, -161.376953, -1632.568359
31.250000, -167.724609, -1514.892578
53.222656, -192.138672, -1264.404297
-,-,-
-393.310547, -853.759766, 376.953125
-469.970703, -762.451172, 445.800781
-299.560547, -528.076172, 55.664062
-125.732422, -575.439453, -393.310547
-8.056641, -288.818359, -459.228516
135.253906, -273.193359, -1193.603516
228.515625, -239.990234, -1343.505859
166.015625, -147.216797, -1531.005859
76.171875, -191.650391, -1434.326172
133.789062, -199.951172, -1457.763672
44.921875, -227.294922, -1346.435547
-,-,-
-553.955078, -791.748047, 356.445312
-284.423828, -645.263672, 85.937500
-405.029297, -493.408203, -178.466797
-156.494141, -149.169922, -642.333984
158.203125, -156.494141, -1153.076172
271.484375, -163.330078, -1552.001953
127.441406, -2.685547, -1629.638672
94.726562, -86.669922, -1468.994141
63.964844, -216.064453, -1364.990234
128.417969, -243.408203, -1390.380859
142.578125, -212.158203, -1346.435547
-,-,-
-339.599609, -884.521484, 394.531250
-558.349609, -820.068359, 263.671875
-546.142578, -777.099609, 213.867188
-451.904297, -681.396484, 43.945312
-358.154297, -575.439453, -76.904297
-145.263672, -399.658203, -334.716797
22.949219, -104.248047, -980.224609
274.414062, -243.896484, -1265.869141
236.328125, -133.544922, -1716.552734
245.117188, -192.138672, -1619.384766
73.242188, -218.994141, -1332.763672
55.664062, -249.755859, -1194.580078
-,-,-
17.089844, -1006.591797, 371.093750
-164.306641, -970.458984, 250.976562
-168.701172, -840.576172, 326.171875
-212.646484, -734.619141, 78.125000
-148.193359, -594.970703, -324.462891
-28.564453, -291.748047, -906.494141
8.300781, -407.958984, -1008.544922
-152.099609, -142.333984, -1168.701172
48.828125, -257.080078, -1213.623047
49.316406, -262.451172, -1156.005859
350.585938, -210.693359, -1586.669922
396.484375, -291.748047, -1656.982422
-,-,-
-281.982422, -883.544922, 315.917969
-473.876953, -713.134766, 361.328125
-341.064453, -606.201172, 165.039062
-203.369141, -366.943359, -180.419922
91.796875, -224.365234, -884.521484
227.539062, -230.712891, -1482.666016
249.511719, -129.638672, -1724.365234
151.367188, -200.927734, -1661.865234
-57.373047, -192.138672, -1301.513672
34.667969, -268.310547, -1167.724609
226.074219, -376.708984, -1349.365234
-,-,-
-374.267578, -875.244141, 267.578125
-409.912109, -743.896484, 136.718750
-409.423828, -588.623047, 2.441406
-66.162109, -556.884766, -357.666016
6.347656, -400.146484, -627.685547
412.109375, -209.716797, -1190.673828
457.519531, -260.986328, -1514.892578
239.746094, -112.060547, -1402.099609
148.437500, -90.576172, -1351.806641
189.941406, -183.349609, -1273.193359
193.359375, -190.185547, -1342.529297
-,-,-
-533.447266, -814.697266, 375.976562
-427.490234, -652.099609, 134.765625
-325.927734, -631.103516, -9.521484
-203.857422, -174.560547, -800.537109
381.835938, -508.544922, -951.904297
266.113281, -134.521484, -1447.998047
295.898438, -138.916016, -1200.927734
368.164062, -156.982422, -1475.341797
254.882812, -151.123047, -1330.810547
269.042969, -201.416016, -1350.830078
-,-,-
-319.580078, -739.990234, -70.556641
-190.185547, -614.501953, -420.166016
-32.470703, -636.962891, -213.623047
244.140625, -359.130859, -815.185547
112.792969, -316.650391, -991.943359
357.910156, -135.498047, -1230.224609
363.769531, -103.759766, -1378.662109
416.503906, -120.849609, -1192.138672
404.296875, -51.513672, -1338.623047
415.527344, -14.404297, -1349.365234
555.175781, -155.029297, -1367.919922
-,-,-
-316.162109, -749.755859, 41.015625
-325.927734, -699.951172, 49.804688
101.074219, -513.427734, -734.130859
371.582031, -697.509766, -762.451172
305.175781, -281.005859, -1021.240234
386.230469, -365.966797, -1048.583984
259.277344, -226.318359, -1045.654297
323.242188, -95.458984, -1175.537109
371.582031, -10.498047, -1401.123047
399.414062, -27.099609, -1388.916016
482.910156, -142.333984, -1444.580078
-,-,-
-328.369141, -606.689453, -26.611328
103.027344, -688.232422, -451.416016
218.750000, -696.533203, -381.591797
262.695312, -500.244141, -604.248047
395.507812, -459.228516, -859.130859
365.234375, -249.755859, -850.341797
294.433594, -163.330078, -1093.505859
333.984375, -97.412109, -1239.013672
364.746094, -42.724609, -1339.599609
334.960938, 32.226562, -1493.896484
211.914062, -54.931641, -1403.076172
-,-,-
-328.369141, -776.611328, 21.484375
-278.564453, -726.318359, 164.550781
-32.958984, -739.990234, -267.333984
165.527344, -717.529297, -687.255859
271.484375, -643.310547, -895.263672
152.343750, -534.423828, -847.412109
206.054688, -420.654297, -969.970703
183.593750, -248.779297, -948.974609
57.617188, -113.037109, -1150.146484
495.117188, -156.005859, -1196.044922
349.121094, -53.466797, -1406.005859
174.316406, -57.373047, -1328.857422
-,-,-
-422.119141, -797.119141, 149.414062
-307.861328, -750.732422, -63.720703
-268.310547, -686.279297, -127.685547
-10.009766, -662.841797, -582.763672
300.781250, -612.060547, -931.396484
220.703125, -470.947266, -896.240234
159.667969, -296.630859, -906.494141
204.101562, -281.982422, -976.318359
295.410156, -168.701172, -941.650391
562.988281, -111.083984, -1301.513672
711.425781, -18.310547, -1499.755859
560.546875, -109.130859, -1561.279297
-,-,-
-383.056641, -798.583984, 21.484375
-193.603516, -783.935547, -220.458984
-97.900391, -765.380859, -356.689453
61.523438, -631.591797, -479.248047
41.015625, -418.701172, -797.607422
193.359375, -267.333984, -817.138672
297.851562, -215.087891, -1065.673828
339.355469, -76.904297, -1241.943359
604.980469, 29.296875, -1600.341797
567.382812, 28.320312, -1600.341797
464.355469, -128.662109, -1530.029297
-,-,-
-506.103516, -811.279297, -68.603516
-351.318359, -795.166016, -102.294922
76.171875, -835.693359, -460.693359
22.949219, -815.673828, -430.908203
178.222656, -730.712891, -482.666016
65.917969, -550.537109, -537.841797
302.246094, -476.806641, -830.322266
191.894531, -363.037109, -854.248047
287.597656, -99.853516, -1086.181641
829.101562, -234.619141, -1347.412109
837.402344, -212.646484, -1691.162109
449.707031, -223.876953, -1217.041016
-,-,-
-435.791016, -844.482422, -94.482422
-316.162109, -725.341797, -359.619141
-203.857422, -741.943359, -201.416016
252.929688, -631.591797, -495.849609
201.660156, -531.005859, -843.505859
-12.451172, -197.021484, -770.263672
368.652344, -179.931641, -955.810547
399.414062, 33.203125, -1200.927734
647.949219, 198.242188, -1548.095703
621.582031, 196.289062, -1417.236328
658.691406, 46.875000, -1473.388672
428.710938, -47.607422, -1178.466797
459.472656, -120.849609, -1145.263672
-,-,-
-304.443359, -862.060547, -135.498047
-336.669922, -846.435547, -131.591797
-319.091797, -809.326172, -138.427734
-135.009766, -785.888672, -253.662109
-1.220703, -734.619141, -456.298828
64.941406, -663.818359, -396.240234
307.617188, -383.544922, -804.931641
420.898438, -356.689453, -771.728516
302.246094, -107.177734, -907.958984
712.890625, -33.935547, -1271.240234
779.296875, 72.265625, -1185.302734
878.906250, -39.306641, -1425.537109
623.046875, -95.458984, -1194.580078
727.539062, -236.572266, -1199.951172
534.667969, -218.994141, -1173.583984
-,-,-
-366.943359, -885.498047, -146.240234
-217.041016, -857.177734, -401.123047
-347.412109, -842.529297, -151.123047
-437.744141, -713.134766, -258.056641
-59.814453, -662.841797, -505.615234
-280.029297, -474.853516, -364.013672
-11.962891, -203.857422, -614.990234
268.554688, -57.373047, -934.814453
580.078125, 62.011719, -1155.029297
701.171875, 124.023438, -1485.595703
662.109375, 156.738281, -1522.216797
556.640625, 32.226562, -1387.939453
-,-,-
-259.521484, -909.423828, -88.623047
-227.294922, -869.873047, -241.943359
-174.072266, -826.904297, -375.732422
-226.318359, -818.115234, -226.806641
-121.826172, -777.099609, -432.373047
-142.333984, -671.630859, -439.208984
-175.537109, -520.263672, -473.388672
-67.138672, -353.759766, -660.888672
261.718750, -217.041016, -875.732422
318.847656, -127.685547, -1197.021484
402.343750, -35.888672, -1329.833984
435.546875, 23.925781, -1442.138672
312.988281, -17.822266, -1403.076172
362.792969, -109.130859, -1326.904297
-,-,-
-200.927734, -1032.470703, 98.632812
-162.841797, -950.439453, -100.830078
-318.115234, -874.267578, -197.509766
-393.798828, -871.337891, -38.818359
-524.169922, -734.130859, -81.787109
-280.029297, -643.798828, -306.396484
-359.130859, -406.982422, -368.896484
-87.158203, -173.583984, -654.052734
381.835938, -81.298828, -1069.091797
675.292969, 31.250000, -1347.412109
918.457031, 57.128906, -1706.787109
-,-,-
-373.291016, -900.634766, 64.453125
-317.138672, -816.162109, -30.029297
-451.904297, -726.318359, -0.244141
152.343750, -661.865234, -606.689453
11.718750, -496.337891, -561.279297
138.183594, -212.646484, -858.154297
413.085938, -198.486328, -1050.537109
599.609375, -113.525391, -1323.974609
421.875000, -2.197266, -1189.208984
596.191406, 74.218750, -1360.595703
342.773438, 48.828125, -1266.357422
-,-,-
-330.810547, -924.560547, 101.074219
-246.826172, -911.376953, -104.248047
-49.560547, -954.345703, -193.115234
-217.041016, -890.380859, -225.830078
-239.501953, -748.779297, -343.505859
-187.255859, -546.630859, -352.294922
-27.099609, -299.072266, -646.728516
319.824219, -238.525391, -984.130859
488.281250, -211.669922, -1117.919922
296.875000, 22.460938, -1132.080078
618.164062, 1.953125, -1364.990234
564.453125, 31.250000, -1599.365234
540.039062, -80.810547, -1467.529297
494.140625, -90.576172, -1444.091797
-,-,-
-302.978516, -864.013672, -131.591797
-533.935547, -839.599609, 6.835938
-598.388672, -769.287109, -6.591797
-293.212891, -635.986328, -425.048828
-78.857422, -661.865234, -480.224609
-99.365234, -411.865234, -537.841797
246.093750, -236.572266, -1074.951172
604.003906, -219.970703, -1098.388672
406.738281, -95.458984, -1255.615234
525.878906, -88.623047, -1207.763672
504.394531, -70.068359, -1350.830078
357.421875, -134.521484, -1208.740234
-,-,-
-146.240234, -879.638672, -10.498047
-275.146484, -796.142578, -275.146484
-501.220703, -649.169922, -106.201172
10.253906, -600.341797, -570.068359
-179.931641, -488.037109, -570.068359
43.457031, -219.970703, -641.357422
436.523438, -77.392578, -1072.998047
546.386719, -3.662109, -1334.716797
605.468750, 113.281250, -1446.044922
-,-,-
-135.498047, -972.900391, -136.474609
-196.044922, -923.583984, -146.240234
-312.744141, -931.396484, 24.414062
-299.560547, -872.314453, 1.464844
-347.412109, -766.357422, -26.123047
-135.498047, -666.748047, -367.919922
-171.142578, -567.138672, -406.982422
-46.142578, -254.638672, -672.119141
341.796875, -181.884766, -1123.779297
174.804688, -0.244141, -1130.126953
531.250000, 87.890625, -1356.689453
396.972656, 164.062500, -1437.255859
408.203125, 114.257812, -1216.552734
-,-,-
-165.283203, -892.822266, -152.099609
-291.748047, -941.162109, 99.121094
-176.513672, -749.755859, -248.779297
-107.177734, -614.501953, -401.123047
30.273438, -447.021484, -477.294922
106.445312, -245.849609, -815.185547
94.726562, -72.021484, -844.482422
531.738281, 44.921875, -1338.623047
685.058594, 181.640625, -1563.232422
568.847656, 225.585938, -1583.740234
419.921875, -1.708984, -1374.755859
-,-,-
-274.658203, -933.837891, 23.925781
-386.474609, -978.271484, 199.218750
-349.365234, -821.044922, 21.484375
-232.666016, -726.318359, -205.322266
-308.349609, -445.068359, -231.201172
-22.705078, -293.701172, -733.154297
71.289062, -50.048828, -997.802734
-65.185547, 59.570312, -1186.279297
255.371094, 34.179688, -1562.744141
270.019531, 94.726562, -1677.001953
254.882812, -10.498047, -1552.490234
-,-,-
-293.212891, -969.482422, -11.474609
-328.369141, -908.935547, 154.785156
-242.919922, -760.498047, -126.708984
-304.443359, -681.396484, -153.076172
-128.173828, -427.490234, -525.146484
206.054688, -332.763672, -891.357422
226.074219, -141.357422, -1043.701172
363.769531, -20.751953, -1330.810547
338.867188, -19.775391, -1353.759766
399.902344, -28.076172, -1404.052734
288.085938, -93.505859, -1314.208984
207.519531, -198.974609, -1188.232422
433.105469, -222.900391, -1276.123047
307.617188, -223.388672, -1177.490234
-,-,-
-252.197266, -938.232422, 17.578125
-112.548828, -921.630859, -148.193359
-339.599609, -877.197266, -13.427734
-420.166016, -788.818359, 87.890625
-439.697266, -671.142578, -89.599609
-28.076172, -599.853516, -564.208984
-49.560547, -438.720703, -668.701172
86.425781, -280.029297, -993.408203
83.007812, -230.224609, -1133.056641
199.707031, -68.115234, -1157.958984
374.023438, -45.654297, -1434.326172
302.246094, -29.052734, -1552.490234
433.105469, -98.876953, -1486.572266
-,-,-
-408.447266, -883.544922, -23.193359
-456.298828, -768.310547, 110.351562
-297.607422, -599.365234, -102.294922
-159.912109, -489.990234, -316.162109
-115.966797, -289.794922, -878.662109
16.113281, -197.021484, -1150.146484
184.570312, -132.568359, -1341.552734
60.058594, -152.099609, -1211.669922
171.386719, -56.396484, -1281.982422
49.316406, -56.396484, -1247.802734
280.273438, -87.646484, -1303.466797
265.625000, -91.552734, -1462.646484
-,-,-
-212.646484, -917.236328, -56.396484
-485.595703, -889.892578, 339.843750
-536.376953, -737.548828, 268.554688
-275.634766, -627.685547, -238.037109
-151.123047, -638.427734, -296.630859
-113.037109, -423.583984, -597.412109
29.296875, -281.494141, -811.279297
301.757812, -257.080078, -1118.896484
355.468750, -126.708984, -1331.787109
430.175781, -42.724609, -1531.982422
310.546875, -31.982422, -1564.208984
416.992188, -220.947266, -1430.419922
-,-,-
-458.251953, -912.353516, 222.656250
-647.705078, -783.935547, 412.597656
-529.541016, -596.923828, 51.757812
-260.498047, -515.869141, -436.279297
-155.517578, -368.896484, -620.849609
216.308594, -317.626953, -844.970703
403.808594, -177.001953, -1254.150391
362.792969, -134.521484, -1368.896484
404.785156, -104.248047, -1467.529297
266.113281, -111.083984, -1309.326172
262.695312, -176.513672, -1275.146484
360.351562, -175.537109, -1407.958984
-,-,-
-205.810547, -974.365234, 166.992188
-236.083984, -916.748047, -19.287109
-499.755859, -697.509766, 117.187500
-362.548828, -624.755859, -239.990234
-98.388672, -515.869141, -353.271484
-138.427734, -195.556641, -649.169922
218.261719, -135.986328, -951.904297
409.667969, 90.820312, -1406.982422
603.027344, 171.875000, -1740.478516
604.492188, 86.914062, -1984.130859
340.332031, -34.912109, -1505.615234
-,-,-
-419.677734, -867.919922, 394.531250
-302.978516, -714.111328, 113.281250
-105.712891, -753.662109, -4.638672
-285.400391, -513.916016, -5.126953
41.015625, -462.646484, -643.310547
143.066406, -310.302734, -1044.677734
212.402344, -228.271484, -1345.458984
327.636719, -120.361328, -1638.427734
87.402344, -125.732422, -1284.912109
131.835938, -58.837891, -1363.525391
247.070312, -134.521484, -1403.076172
-,-,-
-353.759766, -887.451172, 70.312500
-329.345703, -891.845703, 271.484375
-275.634766, -847.412109, 13.671875
-402.099609, -808.349609, 347.656250
-311.279297, -630.615234, -38.818359
-110.107422, -508.544922, -516.845703
104.980469, -373.291016, -853.271484
101.562500, -258.056641, -1124.755859
260.253906, -156.982422, -1376.708984
248.535156, -132.568359, -1520.751953
130.859375, -66.162109, -1324.462891
304.199219, -119.384766, -1443.115234
-,-,-
-337.646484, -878.662109, 288.574219
-383.544922, -821.044922, 205.078125
-38.818359, -753.173828, -221.435547
-297.607422, -640.869141, -76.904297
-37.353516, -492.919922, -576.416016
69.335938, -451.904297, -814.208984
142.578125, -256.591797, -1057.373047
256.347656, -218.994141, -1269.287109
243.164062, -164.794922, -1366.943359
51.269531, -80.322266, -1117.919922
388.671875, -17.822266, -1327.880859
572.265625, -28.076172, -1668.701172
32.714844, 0.488281, -1483.642578
-,-,-
-529.541016, -729.248047, 395.507812
-269.287109, -511.962891, -63.232422
-222.900391, -459.716797, -320.556641
-136.474609, -342.041016, -887.451172
-54.443359, -301.513672, -977.294922
-45.166016, -122.802734, -1027.099609
171.386719, 25.390625, -1367.919922
282.226562, 4.882812, -1631.591797
283.203125, 72.265625, -1735.107422
347.656250, -13.427734, -1639.404297
-,-,-
-318.115234, -843.505859, 66.894531
-483.642578, -729.248047, 271.484375
-288.330078, -602.294922, -98.876953
-24.658203, -571.044922, -473.388672
11.718750, -390.380859, -669.677734
151.367188, -322.998047, -1057.373047
126.464844, -282.958984, -1207.763672
150.390625, -104.736328, -1315.185547
313.476562, -160.400391, -1538.818359
305.664062, -124.755859, -1469.482422
-,-,-
-361.083984, -804.443359, 264.648438
-395.751953, -619.873047, -45.654297
12.695312, -680.419922, -385.986328
-110.107422, -498.779297, -363.037109
-47.607422, -254.150391, -881.591797
353.027344, -145.263672, -1177.490234
186.035156, -62.255859, -1376.708984
318.847656, -52.490234, -1681.884766
218.261719, 24.414062, -1521.728516
97.656250, -54.443359, -1348.388672
87.402344, -105.224609, -1170.654297
-,-,-
-414.306641, -870.849609, 216.796875
-84.716797, -814.208984, -275.146484
-418.701172, -739.013672, 31.738281
-345.458984, -522.216797, -244.873047
-20.263672, -448.974609, -641.357422
-147.705078, -141.357422, -797.607422
8.300781, 78.613281, -1197.998047
475.097656, 52.734375, -1549.072266
106.445312, 146.484375, -1694.091797
264.648438, 229.492188, -1675.048828
146.972656, 73.242188, -1673.583984
-,-,-
-150.146484, -969.482422, -31.982422
-259.521484, -918.212891, 56.640625
-275.146484, -821.044922, -47.607422
-248.291016, -756.103516, 3.906250
-198.486328, -417.236328, -161.376953
155.761719, -464.599609, -594.482422
-4.150391, -227.294922, -855.224609
47.851562, 0.976562, -1167.724609
374.511719, 38.574219, -1602.294922
399.902344, 68.359375, -1765.380859
49.316406, 84.960938, -1896.728516
-,-,-
-272.216797, -880.615234, -149.169922
-492.431641, -840.576172, 249.511719
-240.478516, -739.013672, -40.771484
-304.931641, -630.615234, -101.806641
-46.142578, -454.345703, -371.826172
148.925781, -326.904297, -917.724609
-29.541016, -143.798828, -1041.748047
333.984375, -85.693359, -1394.287109
315.429688, -45.654297, -1663.818359
185.546875, -6.591797, -1391.357422
149.414062, -55.419922, -1328.369141
169.433594, -151.123047, -1276.123047
-,-,-
-342.529297, -870.849609, 57.617188
-227.294922, -876.220703, 46.875000
-398.193359, -765.380859, 75.195312
-448.974609, -736.572266, -107.177734
-122.314453, -654.541016, -291.259766
-77.392578, -320.068359, -562.255859
44.433594, -297.119141, -926.513672
193.359375, -213.623047, -1212.646484
198.730469, -179.931641, -1418.212891
227.050781, -159.423828, -1330.810547
247.070312, -140.869141, -1474.853516
-,-,-
-443.603516, -864.990234, 100.097656
-674.560547, -688.232422, 459.960938
-519.775391, -413.818359, 208.007812
-330.810547, -240.478516, -217.529297
-36.865234, -81.298828, -819.091797
217.285156, 21.972656, -1199.951172
380.859375, 26.367188, -1481.689453
524.902344, 38.085938, -1738.037109
368.164062, 76.660156, -1656.982422
241.699219, -56.396484, -1408.935547
213.867188, -134.521484, -1259.521484
355.957031, -148.193359, -1161.376953
-,-,-
-386.474609, -944.091797, 401.367188
-568.115234, -769.287109, 363.769531
-573.974609, -458.740234, -70.068359
-495.361328, -316.650391, -114.990234
-213.623047, -6.591797, -509.033203
161.132812, 55.664062, -1114.990234
310.546875, 52.734375, -1794.677734
315.429688, 134.277344, -1695.068359
184.570312, 137.207031, -1609.130859
68.359375, 0.976562, -1375.732422
-,-,-
-569.580078, -715.087891, 250.976562
-713.623047, -469.482422, 250.488281
-35.888672, -619.873047, -544.189453
-394.775391, -331.298828, -281.005859
35.156250, -254.638672, -993.896484
16.113281, -199.951172, -1038.330078
140.625000, -15.380859, -1176.513672
407.226562, -40.283203, -1742.431641
232.910156, -45.654297, -1690.185547
307.128906, -107.177734, -1628.662109
264.648438, -195.068359, -1501.708984
-,-,-
-388.427734, -777.099609, 132.812500
-557.861328, -742.919922, 268.554688
-375.732422, -444.091797, 11.718750
293.945312, -613.525391, -1161.376953
-99.365234, -516.845703, -719.482422
-46.630859, -269.775391, -892.333984
-29.541016, -367.919922, -996.337891
64.453125, -245.849609, -1041.748047
42.968750, -72.021484, -1219.482422
229.492188, 15.625000, -1508.544922
37.109375, -13.427734, -1376.708984
-,-,-
-443.115234, -914.306641, 455.078125
-502.685547, -804.443359, 503.906250
-714.111328, -634.521484, 659.179688
-580.810547, -396.240234, 381.347656
-357.666016, -227.294922, -324.462891
-137.939453, -28.076172, -805.908203
395.507812, -143.310547, -1308.349609
427.734375, -62.744141, -1616.455078
477.050781, -84.716797, -1528.076172
250.488281, -89.599609, -1489.501953
-,-,-
-188.720703, -999.267578, 13.671875
-224.365234, -1024.169922, 246.093750
-240.966797, -921.630859, 124.023438
-581.787109, -813.232422, 434.570312
-809.326172, -525.146484, 602.539062
-580.810547, -107.177734, -20.263672
-371.337891, 100.097656, -634.521484
212.890625, 58.105469, -1314.208984
668.945312, 62.988281, -1740.478516
700.683594, 113.281250, -1975.341797
226.074219, 80.566406, -1708.251953
-,-,-
-602.294922, -822.021484, 607.910156
-691.650391, -642.333984, 726.562500
-429.931641, -426.513672, 25.390625
-402.099609, -310.302734, -165.771484
-1.220703, -124.755859, -816.650391
125.488281, -197.021484, -1000.244141
331.542969, -47.607422, -1545.166016
324.218750, -28.076172, -1524.169922
353.515625, 59.082031, -1560.302734
-,-,-
-416.748047, -940.185547, 297.851562
-540.771484, -867.919922, 636.718750
-643.310547, -650.146484, 375.488281
-539.794922, -490.966797, 166.015625
-313.232422, -209.716797, -242.919922
-46.630859, -98.876953, -839.111328
187.988281, -125.244141, -1145.263672
316.406250, -91.552734, -1548.095703
455.566406, 18.066406, -1758.544922
469.726562, 75.195312, -1688.232422
-,-,-
-346.923828, -914.794922, 390.136719
-547.607422, -820.068359, 301.757812
-728.271484, -697.998047, 626.953125
-336.181641, -432.373047, -36.376953
-329.345703, -248.779297, -303.466797
-74.951172, -73.974609, -880.615234
146.972656, -160.888672, -1275.146484
367.187500, -134.521484, -1543.212891
316.894531, -94.482422, -1619.384766
296.386719, -32.958984, -1595.458984
195.312500, -112.060547, -1593.505859
-,-,-
-489.013672, -884.521484, 490.234375
-531.982422, -846.435547, 254.394531
-548.095703, -693.115234, 282.226562
-557.861328, -367.919922, 97.167969
-297.607422, -180.908203, -551.025391
94.238281, -155.029297, -910.888672
158.203125, -82.763672, -1235.107422
661.132812, -83.740234, -1663.818359
805.664062, -56.884766, -1912.841797
333.007812, -35.888672, -1507.568359
-,-,-
-464.111328, -924.560547, 436.523438
-638.427734, -669.677734, 604.492188
-516.845703, -413.330078, 8.789062
-460.693359, -255.615234, -301.513672
-95.947266, -104.248047, -677.001953
109.863281, -123.291016, -1272.216797
544.433594, -139.892578, -1677.978516
567.871094, -78.857422, -1926.513672
311.035156, -32.958984, -1644.775391
257.324219, -182.861328, -1215.576172
-,-,-
-335.205078, -915.771484, 264.648438
-479.248047, -826.904297, 350.097656
-632.080078, -611.083984, 405.273438
-161.865234, -559.326172, -360.595703
-291.748047, -495.361328, -283.935547
-103.759766, -262.939453, -938.720703
342.773438, -297.119141, -1118.896484
199.707031, -182.373047, -1274.169922
457.519531, -141.357422, -1465.576172
423.339844, -159.423828, -1616.455078
254.882812, -145.263672, -1397.216797
-,-,-
-85.205078, -940.185547, -121.826172
-405.517578, -946.044922, 363.281250
-513.916016, -828.369141, 483.886719
-755.126953, -443.115234, 271.484375
-578.857422, -179.931641, -99.853516
-138.916016, 8.789062, -1115.966797
426.757812, -149.169922, -1290.283203
454.589844, -64.208984, -1755.615234
394.531250, -175.048828, -1664.794922
208.984375, -133.544922, -1323.974609
221.679688, -196.533203, -1308.349609
-,-,-
-284.423828, -894.287109, -52.490234
-531.005859, -856.201172, 784.179688
-855.224609, -478.271484, 561.523438
-329.345703, -219.970703, -217.529297
-103.271484, -129.638672, -838.134766
235.839844, -85.205078, -1522.705078
228.027344, -260.498047, -1387.939453
105.468750, -70.068359, -1537.841797
39.062500, -171.630859, -1496.826172
34.179688, -243.896484, -1284.912109
68.847656, -277.587891, -1294.677734
-,-,-
-373.291016, -920.654297, 454.101562
-404.541016, -855.224609, 74.218750
-434.814453, -762.451172, 220.703125
-396.728516, -554.443359, 31.738281
83.007812, -533.935547, -568.115234
-116.943359, -422.119141, -558.349609
141.601562, -283.935547, -928.955078
165.527344, -183.349609, -1208.740234
548.828125, -199.462891, -1385.009766
305.175781, -57.373047, -1545.166016
127.441406, -40.283203, -1364.013672
360.839844, -158.447266, -1376.708984
-,-,-
-411.376953, -927.490234, 435.546875
-187.255859, -856.201172, 102.539062
-480.712891, -831.298828, 507.324219
-132.568359, -681.396484, -177.490234
6.835938, -692.138672, -335.693359
-218.505859, -474.853516, -409.912109
4.882812, -301.025391, -1004.150391
95.214844, -356.689453, -954.833984
-120.361328, -172.607422, -1118.896484
116.210938, -123.291016, -1271.240234
398.437500, -221.435547, -1695.068359
-6.103516, -82.763672, -1372.802734
-,-,-
79.589844, -1022.216797, -78.857422
-196.044922, -1043.701172, 201.171875
-44.189453, -963.623047, 134.765625
-390.380859, -849.365234, 376.464844
-732.666016, -570.068359, 547.363281
-602.783203, -254.638672, -11.474609
-453.857422, -56.884766, -398.193359
23.437500, 35.156250, -978.271484
300.292969, -55.419922, -1596.435547
338.378906, -31.005859, -1910.400391
71.289062, 93.750000, -1604.248047
-,-,-
-236.083984, -968.505859, 354.003906
-353.759766, -891.845703, 366.210938
-425.537109, -779.052734, 235.351562
-464.599609, -556.396484, 180.664062
-282.470703, -436.279297, -501.708984
56.640625, -373.779297, -831.787109
237.304688, -233.154297, -1118.896484
371.582031, -266.357422, -1590.576172
353.027344, -232.177734, -1361.083984
347.656250, -193.115234, -1378.662109
150.390625, -182.861328, -1170.654297
-,-,-
-198.486328, -989.990234, 267.578125
-443.603516, -948.974609, 587.890625
-458.740234, -814.697266, 300.781250
-586.181641, -538.330078, 397.460938
-305.419922, -253.662109, -229.736328
-49.560547, -188.232422, -660.888672
24.902344, -56.396484, -1052.001953
614.257812, -120.849609, -1716.552734
592.773438, -80.322266, -1920.654297
297.363281, -84.716797, -1528.076172
-,-,-
-480.224609, -773.681641, 306.640625
-480.224609, -603.271484, 248.046875
-449.462891, -383.544922, -68.603516
26.855469, -379.150391, -729.248047
94.726562, -271.240234, -855.224609
218.261719, -133.544922, -1179.443359
79.101562, -40.283203, -1341.552734
238.281250, 23.925781, -1369.873047
329.589844, 12.695312, -1596.435547
106.933594, 6.835938, -1461.669922
301.269531, -100.830078, -1456.787109
-,-,-
-136.962891, -966.552734, 177.734375
-225.341797, -1006.591797, 339.843750
-413.330078, -869.873047, 275.390625
-547.119141, -739.013672, 204.101562
-540.771484, -463.623047, -3.173828
-81.787109, -422.607422, -504.638672
-25.634766, -220.947266, -573.974609
305.664062, -75.439453, -1165.283203
472.167969, -133.544922, -1508.544922
492.675781, -61.767578, -1587.646484
261.718750, -32.958984, -1727.294922
-,-,-
-319.580078, -916.748047, 634.765625
-569.580078, -799.072266, 234.375000
-439.208984, -673.583984, 273.437500
-223.876953, -415.771484, -213.623047
-2.685547, -271.240234, -781.982422
148.437500, -275.146484, -1211.669922
135.253906, -260.498047, -1430.419922
167.968750, -299.072266, -1184.326172
82.031250, -227.294922, -1418.212891
195.312500, -266.357422, -1468.505859
-,-,-
-221.923828, -989.990234, 186.035156
-289.794922, -904.052734, 291.503906
-315.673828, -714.111328, 130.859375
-492.431641, -642.333984, 125.488281
-381.103516, -350.341797, -239.501953
163.574219, -406.005859, -925.537109
-,-,-
-287.353516, -924.560547, 273.437500
-379.150391, -869.873047, 459.472656
-515.380859, -735.595703, 187.011719
-706.298828, -413.330078, 331.542969
-93.505859, -206.787109, -649.169922
67.382812, -113.037109, -879.638672
184.082031, -71.044922, -1617.431641
256.347656, -136.962891, -1658.935547
97.656250, -61.279297, -1532.958984
-,-,-
-177.001953, -889.404297, 383.300781
-374.267578, -775.634766, 253.906250
-578.857422, -657.470703, 296.875000
-347.412109, -373.779297, -224.853516
211.914062, -366.943359, -792.724609
-120.361328, -263.427734, -950.927734
166.992188, -109.130859, -1212.646484
390.625000, -160.400391, -1631.591797
279.296875, 8.789062, -1651.123047
-,-,-
-365.478516, -873.779297, 404.296875
-699.951172, -596.923828, 500.976562
-439.697266, -393.798828, -212.646484
-34.423828, -317.626953, -552.490234
19.531250, -246.826172, -929.443359
10.253906, -85.693359, -1218.505859
196.777344, -156.494141, -1668.701172
54.687500, -89.599609, -1357.666016
-36.865234, -13.427734, -1644.775391
-,-,-
-268.310547, -843.505859, 215.820312
-334.716797, -757.080078, 457.031250
-425.537109, -585.693359, 227.539062
-474.365234, -362.060547, -51.513672
-125.732422, -220.458984, -695.068359
63.476562, -169.677734, -1265.380859
165.039062, -175.537109, -1408.935547
297.851562, -72.998047, -1662.841797
83.007812, 22.949219, -1669.677734
42.480469, -79.833984, -1395.263672
-,-,-
-174.560547, -949.951172, 407.226562
-309.326172, -884.521484, 434.570312
-689.697266, -659.423828, 429.687500
-238.525391, -537.353516, -122.802734
-308.837891, -313.232422, -451.416016
71.777344, -238.525391, -953.857422
187.011719, -251.708984, -1364.990234
88.867188, -176.513672, -1400.146484
80.078125, -71.044922, -1400.146484
8.300781, -50.537109, -1486.572266
94.238281, -99.853516, -1427.490234
-,-,-
-365.966797, -651.123047, 364.257812
-469.482422, -381.591797, -208.740234
-121.826172, -169.677734, -807.861328
41.503906, -229.248047, -1243.896484
-78.369141, -218.017578, -1293.212891
-21.728516, -146.240234, -1348.388672
-111.572266, -39.306641, -1427.978516
-156.494141, -89.599609, -1339.599609
-62.255859, -171.630859, -1358.642578
-22.216797, -176.025391, -1344.482422
-,-,-
-364.501953, -779.052734, 472.656250
-442.138672, -676.025391, 403.320312
-317.138672, -527.099609, 62.011719
-250.244141, -545.654297, -122.802734
-63.232422, -212.646484, -570.068359
282.226562, -256.103516, -1159.912109
258.300781, -129.638672, -1403.076172
485.351562, -115.478516, -1798.583984
354.492188, -42.236328, -1599.365234
98.632812, -66.162109, -1437.255859
-5.615234, -120.849609, -1146.240234
-,-,-
-295.654297, -866.943359, 445.800781
-377.685547, -669.677734, 307.617188
-294.189453, -476.806641, -2.197266
-208.251953, -274.169922, -493.896484
-118.896484, -227.294922, -1031.494141
-16.845703, -85.693359, -1388.916016
30.273438, 10.742188, -1530.029297
2.441406, 63.964844, -1536.865234
84.472656, 49.804688, -1616.943359
-,-,-
-297.607422, -901.123047, 327.148438
-221.435547, -809.326172, 64.453125
-580.810547, -643.310547, 79.101562
-26.611328, -564.208984, -453.369141
-320.556641, -356.689453, -465.576172
27.832031, -131.591797, -843.017578
120.605469, -44.677734, -1232.177734
265.136719, -0.244141, -1435.302734
372.070312, -15.869141, -1772.216797
63.476562, 107.421875, -1543.212891
-,-,-
-483.642578, -728.271484, 578.613281
-285.400391, -677.490234, -52.490234
-297.119141, -528.076172, -41.259766
-35.888672, -369.873047, -812.255859
116.210938, -331.787109, -999.267578
92.773438, -204.833984, -1364.990234
-40.283203, -125.732422, -1137.451172
238.281250, -104.248047, -1321.533203
-24.658203, 2.929688, -1340.576172
148.925781, 17.089844, -1406.005859
-,-,-
-388.916016, -854.736328, 502.929688
-441.650391, -666.748047, 124.023438
-369.384766, -450.927734, 22.460938
-192.626953, -229.248047, -560.302734
73.242188, -134.521484, -1033.935547
94.238281, -12.451172, -1385.986328
375.000000, -24.169922, -1685.302734
208.984375, 6.835938, -1566.162109
-,-,-
-169.677734, -891.845703, 272.460938
-452.880859, -727.294922, 346.679688
-476.318359, -470.458984, 181.640625
-81.298828, -326.904297, -367.919922
107.421875, -313.720703, -1054.443359
85.449219, -191.162109, -1306.396484
333.984375, -135.498047, -1344.482422
322.265625, 58.105469, -1686.279297
-,-,-
-145.263672, -937.744141, 125.488281
-213.623047, -952.392578, 415.527344
-325.927734, -832.275391, 278.320312
-430.419922, -569.091797, 208.007812
-143.310547, -418.701172, -314.208984
-252.685547, -138.916016, -684.326172
114.257812, -106.201172, -1243.896484
8.300781, 16.113281, -1290.283203
96.191406, 52.734375, -1658.935547
40.039062, 254.394531, -1753.173828
-,-,-
-113.525391, -964.599609, 197.265625
-239.501953, -894.775391, 233.398438
-412.841797, -761.474609, 164.062500
-417.236328, -479.248047, 168.945312
-358.154297, -197.021484, -401.123047
-100.830078, -69.091797, -891.357422
37.109375, 103.027344, -1518.310547
175.781250, 106.445312, -1578.857422
283.691406, 161.621094, -1922.607422
-,-,-
-270.751953, -881.103516, 349.121094
-373.291016, -648.193359, -7.568359
-347.412109, -476.318359, 22.949219
-354.736328, -201.416016, -342.529297
-95.947266, -134.033203, -1003.173828
1.464844, 60.058594, -1365.478516
-32.958984, 110.351562, -1654.052734
159.179688, 199.707031, -1760.498047
-69.580078, 161.132812, -1794.677734
-131.591797, 20.507812, -1291.259766
83.984375, -101.318359, -1370.849609
-,-,-
-359.130859, -846.435547, 185.546875
-251.220703, -735.595703, 107.421875
-401.123047, -551.025391, 157.714844
-204.833984, -305.419922, -389.892578
-31.005859, -289.794922, -877.685547
-89.111328, -172.607422, -1189.697266
-130.126953, -96.435547, -1411.376953
-25.634766, 60.546875, -1410.888672
-33.935547, 68.359375, -1713.623047
26.367188, 48.828125, -1474.365234
-,-,-
-247.802734, -960.693359, 262.207031
-378.173828, -861.083984, 421.875000
-314.208984, -655.029297, 144.531250
-375.732422, -364.990234, -244.873047
-144.775391, -218.994141, -705.810547
83.496094, -136.474609, -1314.208984
-43.212891, -173.583984, -1503.662109
-5.126953, -62.744141, -1256.103516
-31.982422, -19.775391, -1279.052734
-,-,-
-270.263672, -893.798828, 273.437500
-552.978516, -690.185547, 527.343750
-601.318359, -314.208984, 186.035156
-462.646484, -49.560547, -462.646484
34.179688, -2.685547, -1278.564453
127.929688, -80.810547, -1717.529297
55.175781, -49.560547, -1733.154297
-73.974609, 9.765625, -1506.591797
-248.291016, -19.775391, -1214.599609
-,-,-
-437.255859, -893.310547, 467.773438
-462.646484, -747.802734, 619.140625
-424.072266, -492.431641, -113.037109
-61.767578, -400.634766, -544.189453
-30.029297, -269.287109, -995.361328
189.941406, -269.287109, -1314.208984
4.882812, -238.525391, -1385.498047
29.296875, -221.923828, -1393.310547
